test_data/forest.png 

Base Matrix: 
 [[ 48  49  45  46  34  46  70  72  60  60  56  62  66  66  78  70  57  98
   94 111 109  53  74  71  91  83 111 178 134 102  97  99  44  19  36  56
   41  17  26  37  41  46  64  77  72  40  64  80  97 101]
 [ 39  42  39  38  39  36  46  52  62  77  72  80  89  84  58  49  50 100
   71  43  41  87 106  63  97 128 142 119  75 109  77  53  32  40  49  71
   63  49  63  45  46  42  51  64  99  82  92 132  69  53]
 [ 32  39  39  40  38  39  59  63  62  68  69  83  73  53  31  32  34  51
   48  39  33  54  56  78  92  93 106 102  88  85  43  37  33  41  60  83
   88  81  77  41  39  44  61  75  71  82 122 114  61  48]
 [ 38  40  39  32  38  43  54  55  55  55  56  74  58  39  29  32  26  46
   58  76  62  30  41  94 119 123  98  88  78  42  36  46  36  48  64  84
  107 118  87  31  42  71  80  77  80  72  61  53  74  76]
 [ 32  34  38  37  41  41  40  47  58  49  38  42  21  17  27  37  35  39
   69  74  54  34  48  83 113  99 108 105  51  28  53  68  78  67  47  74
   90  99  74  49  58  74  76  46  61  52  26  65  99  75]
 [ 42  49  60  82  60  41  41  54  66  44  37  48  33  26  27  26  33  38
   49  36  40  64 104  80  51  63  87  45  14  43  63  92 123 110  87 119
   86  51  31  60  70  87 126  86  41  33  38  85  75  45]
 [ 56  66  70  88  64  32  36  38  43  34  40  48  34  24  24  24  45  77
   66  45  58  70 103  73  52  68  43  28  25  66 112 108 109  98  92 115
   77  69  38  53  69  89 102  45  23  51  86 110  91  55]
 [ 46  53  64 103  86  64  59  32  32  25  34  38  32  29  26  26  32  62
   84  62  73  84  92 121  68  65  36  23  43  79 102  84  57  66  55  70
   98 135  82  46  63  81  46  28  33  54  78  84  81  56]
 [ 45  52  74 102  73  87  84  24  29  23  27  27  24  25  22  28  31  41
   56  41  45  67 106  99  71  83  51  22  32  39  51  77  49  75  78  70
  101 104  51  34  55  75  51  28  31  34  50  45  42  50]
 [ 85  70  65  84  85 112 118  39  29  22  20  23  27  24  23  30  39  37
   36  52  48  58  85  90  66  62  62  34  28  30  34  47  38  57  67  87
   86  59  21  27  40  45  39  35  34  35  42  36  30  34]
 [138  86  51  66 103 108  96  74  48  26  16  17  33  36  24  23  43  67
   79 106 114  72  41  83  62  40  52  27  21  29  41  36  38  51  57  85
   97  77  35  25  29  28  30  40  37  52  60  49  37  31]
 [112  76  79  93 117  89  78 106  74  50  39  27  43  62  42  39  46  81
  110 110 122  61  20  41  39  34  43  24  26  23  28  21  37  59  71  93
  112 119  75  37  33  28  35  38  29  34  39  35  32  29]
 [ 63  46 103 121 117 108 102 120  75  77  85  57  52  64  53  57  60  89
  116  80  67  37  25  28  30  33  33  17  24  25  29  24  35  56  63  76
   83  87  64  40  53  55  67  64  52  31  26  29  32  38]
 [ 53  64 101  74  74  76  83  95  87  70  68  54  47  55  74  92  71 103
   98  45  41  69  50  26  23  26  31  23  37  45  42  37  36  44  47  58
   78  53  41  47  87 104 110  95  78  41  30  28  32  49]
 [ 57  94 103  52  37  60  72 119 132  72  59  37  35  61  81  86  81  93
   71  41  63 104  53  21  24  24  32  39  60  66  66  49  41  45  33  48
   77  56  58  68  82  93  65  61  57  38  32  23  26  43]
 [ 33  61  64  51  38  72 104 126 115  72 102  68  39  55  72  60  72  69
   38  30  48  62  26  23  22  26  38  47  64  68  78  66  51  50  32  34
   37  31  40  45  53  86  78  34  36  26  26  42  38  30]
 [ 30  45  34  36  44  85  75  71  83  69  96  62  61  63  51  32  52  51
   27  42  55  50  55  52  24  27  53  53  56  59  79  94  92  71  35  25
   30  32  33  44  52  62  47  34  39  42  36  50  49  41]
 [ 57  81  50  48  51  90 125  75  58  45  43  26  50  51  24  22  26  28
   26  47  53  49  69  64  28  36  66  54  40  63  94 106 114  77  29  25
   35  39  32  49  61  54  30  31  45  68  64  41  46  54]
 [ 84 109  68  80  68  80  80  57  74  52  23  23  27  36  20  20  21  23
   34  35  35  34  41  40  26  41  60  44  43  83 103  91  86  56  28  25
   35  42  28  29  39  54  58  28  34  56  76  66  79  94]
 [ 59  76  61  73  93  85  58  72  99  71  23  19  38  57  32  16  21  22
   32  25  39  44  39  50  38  33  39  37  56  81  72  63  66  49  35  27
   30  35  26  27  38  61  66  40  46  63  84  85  85  82]
 [ 41  65 100  92 103  79  70 113  77  52  39  22  44  57  33  22  26  25
   30  33  70  78  73 103  63  29  32  43  52  59  41  49  79  56  31  27
   28  30  31  30  32  51  46  44  55  75  68  52  54  54]
 [ 57  57 130 120 109  78  55  73  64  60  36  40  35  33  18  38  37  35
   36  48  65  69  85 134 108  40  30  32  43  53  40  38  50  47  33  27
   26  29  30  27  34  56  78  58  80  70  34  33  37  46]
 [ 81  87 125 148  98 110  71  45  92  82  51  48  33  34  42  55  74  26
   40  75  65  71  85 112  79  51  43  31  38  42  37  32  35  34  28  27
   24  26  25  24  34  48  56  59  60  52  39  59  63  60]
 [ 71 106 139 145  95  79  45  55  79  52  52  76  80  61  57  54  68  42
   42  67  54  66  69  81  52  45  41  44  50  36  33  28  24  23  24  26
   27  31  29  26  35  42  39  40  50  54  45  68  87  97]
 [ 65  98 112 101  68  41  37  52  49  37  52  76  80  72  93  60  47  44
   62  77  38  52  70 112  67  42  40  47  52  32  27  28  24  23  25  28
   29  37  37  30  33  37  36  39  58  68  57  77 115 133]
 [ 98 123  69  95  98  48  26  29  32  48  62  73  76  57  98 105 108  81
  110  96  45  80  86  93 103  61  34  57  67  38  24  29  30  27  29  36
   29  33  38  34  30  33  36  37  46  55  57  69  81 106]
 [ 92 136  49  70  40  18  28  25  28  37  73 114  81  83 120 138 139  96
   80  55  44  75  78 107 147 101  38  40  45  26  24  25  29  26  31  49
   34  28  37  45  40  34  36  35  38  46  60  60  40  54]
 [ 98 161  99  92  43  23  27  23  25  23  30  45  58  93 102 112 128  79
   50  74  85  71  97 131 124 127  97  47  35  31  26  22  24  28  38  56
   41  36  38  53  52  40  37  38  39  39  40  44  39  51]
 [106 125 119 110  76  27  25  28  25  34  29  40  50  71  95 106  86  53
   49  97 110  84  87 120 121 131  87  41  32  43  51  43  33  53  65  63
   62  72  39  45  47  40  33  36  54  67  45  63  45  34]
 [ 77 123  86  78  80  41  18  28  30  33  41  64  70  58  68  42  33  42
   55  80  64  64  91 114 112 111  62  33  40  65  86  68  53  65  78  85
   95  78  44  44  45  50  35  35  69  83  81 109  73  30]
 [ 81 101  60  59  41  24  19  27  25  24  35  42  51  33  43  39  33  52
   75  99  73  66  77  97  83  73  35  22  40  51  61  46  49  59  82  87
  111 114  68  51  64  67  33  36  50  66  98 129 107  56]
 [150  99  35  14  11  25  28  22  26  22  29  28  26  17  46  65  55  53
   58  60  37  46  61  44  58  77  44  31  32  37  48  62  79  63  88  94
   93 101  67  54  82  93  52  43  57  69  96 100  99  72]
 [ 92  50  45  41  44  27  13  18  31  33  23  38  47  37  47  53  42  54
   89  80  45  34  52  59  38  41  30  24  31  36  45  57  70  66  97 102
   59  42  53  69  93 112  84  60  88  72  52  41  56  72]
 [ 70  90  77  81  81  42  27  36  46  43  33  58  66  81  64  41  56  58
   99  83  59  50  79  90  35  27  20  26  30  31  38  40  34  42  60  64
   51  36  44  56  63  63  47  61  87  65  46  48  67  95]
 [ 80  94  82  79  92  79  88  58  47  53  54  80  90 127  89  43  66  85
   87  62  77  89 125 102  42  36  32  35  45  46  62  73  35  23  28  34
   44  48  54  74  65  75  39  56  67  67  66  59  89 111]
 [ 89  54  68  70  91 114 116  58  38  47  56  88  94 108  70  43  89 129
   85  82  92 114 127  90  33  29  39  58  69  65  73  93  64  24  23  37
   44  64  73  92  84 114  66  40  52  64  69  82 131 114]
 [ 57  36  58  80 112 128  93  48  36  41  45  54  50  47  40  42  58 110
   71  86  78 105  79  49  30  35  44  75  85  75  83 114 100  41  25  32
   44  72  70  64  74  95  55  43  42  53  53  68  88  51]
 [ 23  41  75  79 101  76  37  44  59  55  57  56  68  58  63  75  86 113
  117  96  65  68  54  30  35  41  48  82  83  78 106 107  59  25  27  42
   36  47  45  42  57  52  25  37  38  48  47  60  89  80]
 [ 28  37  76  72  64  57  40  79 108 101  84  55 100 113  99  81 110  95
  137 118  55  45  36  32  39  45  55  87  87  88 116 100  55  27  28  31
   24  25  30  34  45  34  34  37  49  43  36  61 103 109]
 [ 33  24  47  50  35  54  50  79  99  95  66  51 123 141 100  72  94  76
  115 128  68  69  47  36  44  50  48  64  85  96 102  83  59  35  32  34
   36  35  29  27  37  31  25  40  43  48  50  70  83  89]
 [ 27  27  37  58  69  50  54  85 113 118  60  46 101 105  66  79 117  77
   93 117  66  80 100  52  38  38  37  42  64  70  77  58  30  31  33  46
   61  58  39  44  76  74  28  30  51  60  47  92 122 120]
 [ 39  55  64 129 128  63  80  90 104 144 100  34  67 100 126  75  48  86
   81  54  66  80  94  68  38  36  45  47  39  58  64  51  33  29  32  33
   40  40  38  61  82  54  39  30  84 123  55  61 104 108]
 [ 45  65  75 108 112  54  85 137 124 146 115  80  82 134 124  56  50  74
   69  47  49  49  69  57  44  44  37  42  35  36  40  35  25  23  27  26
   21  34  44  47  54  44  33  48  75  80  77  72  71  98]
 [ 54  43  50  55  68  49  75 109  94 100  73  96  98 124 120  61 103  67
   37  44  57  40  47  46  35  40  32  40  39  30  29  31  27  27  28  25
   26  34  30  40  48  38  55  92  94  93 126  95  67 111]
 [ 38  24  28  25  36  63 115  88  43  55  72  89  81  84  99  80 128  65
   32  59  84  61  56  65  54  42  37  37  35  29  28  30  28  30  32  26
   41  50  49  74  81  56  62  98  85  93 116  87  69 100]
 [ 31  54  26  25  29  47 109  89  45  63 100 127  67  34  43  49  51  31
   35  49  55  51  69  78  92  54  37  41  37  29  28  29  32  41  46  40
   43  55  78  87  93  96  61  61  82  86  69  48  41  52]
 [ 66 114  73  38  25  21  42  44  43  67  77 128  56  29  52  45  27  33
   59  61  55  64  95  87  98  53  34  47  43  28  31  31  41  58  64  54
   52  59  69  68  81 115 106  62  46  28  17  42  57  77]
 [ 39  93 104  63  31  65  89  70  63  83  82  70  27  77 113  94  50  35
   51  70  74  66  80  93  70  42  42  61  60  33  26  26  38  58  61  49
   70  73  56  80  97 109 147  76  40  41  45  56  71  97]
 [ 62  89 112  84  53  77 106  85  79  74  82  80  59  96 112 125  82  55
   75 114 108  58  68  72  37  38  44  52  44  35  33  36  44  59  47  51
   73  62  59  76 105 112  67  53  44  61  75 117  94  95]
 [ 51  87 112  85  56  48  73  64  77  82  83 105  91 113 137 111 105  84
  102 122 121  66  72  93  44  33  37  42  38  33  35  48  52  59  53  67
   88  91 108  84  79  78  43  45  51  48  70 100  70  44]] 

AVG Vector: 
 [48.62, 48.48, 48.12, 48.08, 47.94, 48.2, 48.6, 48.84, 48.86, 48.84, 48.88, 49.28, 49.58, 50.02, 50.44, 50.46, 50.92, 51.54, 52.66, 53.84, 54.36, 55.0, 56.02, 57.68, 59.44, 61.64, 64.26, 65.3, 65.22, 64.88, 64.06, 62.72, 61.76, 61.3, 60.48, 59.8, 58.98, 58.14, 57.24, 56.66, 56.24, 54.66, 54.02, 53.14, 52.68, 52.44, 52.46, 52.5, 52.06, 52.5] 

Higher Limit: 
 [66.62, 66.47999999999999, 66.12, 66.08, 65.94, 66.2, 66.6, 66.84, 66.86, 66.84, 66.88, 67.28, 67.58, 68.02000000000001, 68.44, 68.46000000000001, 68.92, 69.53999999999999, 70.66, 71.84, 72.36, 73.0, 74.02000000000001, 75.68, 77.44, 79.64, 82.26, 83.3, 83.22, 82.88, 82.06, 80.72, 79.75999999999999, 79.3, 78.47999999999999, 77.8, 76.97999999999999, 76.14, 75.24000000000001, 74.66, 74.24000000000001, 72.66, 72.02000000000001, 71.14, 70.68, 70.44, 70.46000000000001, 70.5, 70.06, 70.5] 

Lower Limit: 
 [30.619999999999997, 30.479999999999997, 30.119999999999997, 30.08, 29.939999999999998, 30.200000000000003, 30.6, 30.840000000000003, 30.86, 30.840000000000003, 30.880000000000003, 31.28, 31.58, 32.02, 32.44, 32.46, 32.92, 33.54, 34.66, 35.84, 36.36, 37.0, 38.02, 39.68, 41.44, 43.64, 46.260000000000005, 47.3, 47.22, 46.879999999999995, 46.06, 44.72, 43.76, 43.3, 42.48, 41.8, 40.98, 40.14, 39.24, 38.66, 38.24, 36.66, 36.02, 35.14, 34.68, 34.44, 34.46, 34.5, 34.06, 34.5] 

Binary Matrix: 
 [[1 1 1 1 1 1 0 0 1 1 1 1 1 1 0 0 1 0 0 0 0 1 0 0 0 0 0 0 0 0 0 0 1 0 1 1
  1 0 0 1 1 1 1 0 0 1 1 0 0 0]
 [1 1 1 1 1 1 1 1 1 0 0 0 0 0 1 1 1 0 0 1 1 0 0 1 0 0 0 0 0 0 0 1 1 1 1 0
  1 1 1 1 1 1 1 1 0 0 0 0 0 1]
 [1 1 1 1 1 1 1 1 1 0 0 0 0 1 1 1 1 1 1 1 1 1 1 0 0 0 0 0 0 0 1 1 1 1 1 0
  0 0 0 1 1 1 1 0 0 0 0 0 1 1]
 [1 1 1 1 1 1 1 1 1 1 1 0 1 1 0 1 0 1 1 0 1 0 1 0 0 0 0 0 0 1 1 1 1 1 1 0
  0 0 0 1 1 0 0 0 0 0 1 1 0 0]
 [1 1 1 1 1 1 1 1 1 1 1 1 0 0 0 1 1 1 0 0 1 1 1 0 0 0 0 0 1 0 1 0 0 0 1 0
  0 0 0 1 1 0 0 1 1 1 0 1 0 0]
 [1 1 1 0 1 1 1 1 1 1 1 1 1 0 0 0 1 1 1 1 1 1 0 0 1 1 0 1 0 1 1 0 0 0 0 0
  0 1 1 1 0 0 0 0 1 1 1 0 0 1]
 [1 1 0 0 1 1 1 1 1 1 1 1 1 0 0 0 1 0 1 1 1 0 0 0 1 0 1 0 0 1 0 0 0 0 0 0
  0 0 1 1 0 0 0 1 0 1 0 0 0 1]
 [1 1 1 0 0 1 1 1 1 0 1 1 1 0 0 0 1 1 0 1 0 0 0 0 0 1 1 0 1 0 0 0 1 1 1 0
  0 0 0 1 1 0 1 0 1 1 0 0 0 1]
 [1 1 0 0 0 0 0 0 0 0 0 0 0 0 0 0 1 1 1 1 1 0 0 0 0 0 1 0 1 1 1 0 1 0 0 0
  0 0 1 1 1 0 1 0 1 1 1 1 1 1]
 [0 0 1 0 0 0 0 1 0 0 0 0 0 0 0 0 1 1 1 1 1 1 0 0 1 1 1 1 0 0 1 1 1 1 0 0
  0 1 0 0 1 1 1 1 1 1 1 1 0 1]
 [0 0 1 1 0 0 0 0 1 0 0 0 1 1 0 0 1 0 0 0 0 0 1 0 1 1 1 0 0 0 1 1 1 1 1 0
  0 0 1 0 0 0 0 1 1 1 1 1 1 1]
 [0 0 0 0 0 0 0 0 0 1 1 0 1 1 1 1 1 0 0 0 0 1 0 1 1 1 1 0 0 0 0 0 1 1 0 0
  0 0 0 1 1 0 1 1 0 1 1 1 1 0]
 [1 1 0 0 0 0 0 0 0 0 0 1 1 1 1 1 1 0 0 0 0 1 0 0 0 1 1 0 0 0 0 0 1 1 1 0
  0 0 1 1 1 1 0 1 1 1 0 0 1 1]
 [1 1 0 0 0 0 0 0 0 0 0 1 1 1 0 0 0 0 0 1 1 0 1 0 0 0 1 0 1 1 1 1 1 1 1 1
  0 1 1 1 0 0 0 0 0 1 0 0 1 1]
 [1 0 0 1 1 1 0 0 0 0 1 1 1 1 0 0 0 0 0 1 1 0 1 0 0 0 1 1 1 1 1 1 1 1 1 1
  0 1 1 0 0 0 1 1 1 1 1 0 0 1]
 [1 1 1 1 1 0 0 0 0 0 0 0 1 1 0 1 0 0 1 0 1 1 0 0 0 0 1 1 1 0 0 1 1 1 1 1
  1 1 1 1 1 0 0 1 1 0 0 1 1 0]
 [0 1 1 1 1 0 0 0 0 0 0 1 1 1 1 1 1 1 0 1 1 1 1 1 0 0 1 1 1 1 0 0 0 0 1 0
  0 1 1 1 1 1 1 1 1 1 1 1 1 1]
 [1 0 1 1 1 0 0 0 1 1 1 0 1 1 0 0 0 0 0 1 1 1 0 1 0 1 1 1 1 1 0 0 0 0 0 0
  1 1 1 1 1 1 0 1 1 0 1 1 1 1]
 [0 0 0 0 0 0 0 1 0 1 0 0 0 1 0 0 0 0 1 1 1 1 1 1 0 1 1 1 1 0 0 0 0 1 0 0
  1 1 0 0 1 1 1 0 1 1 0 1 0 0]
 [1 0 1 0 0 0 1 0 0 0 0 0 1 1 1 0 0 0 1 0 1 1 1 1 1 1 1 1 1 0 0 1 1 1 1 0
  0 1 0 0 1 1 1 1 1 1 0 0 0 0]
 [1 1 0 0 0 0 0 0 0 1 1 0 1 1 1 0 0 0 0 1 0 0 0 0 1 0 1 1 1 1 1 1 0 1 1 0
  0 0 1 0 1 1 1 1 1 0 0 1 1 1]
 [1 1 0 0 0 0 1 0 1 1 1 1 1 1 0 1 1 1 1 1 1 0 0 0 0 1 0 1 1 1 1 1 1 1 1 0
  0 0 0 0 1 1 0 1 0 0 1 1 1 1]
 [0 0 0 0 0 0 0 1 0 0 1 1 1 1 1 1 0 0 1 0 1 0 0 0 0 1 1 1 1 1 1 1 1 1 0 0
  0 0 0 0 1 1 1 1 1 1 1 1 1 1]
 [0 0 0 0 0 0 1 1 0 1 1 0 0 1 1 1 0 1 1 0 1 1 0 0 1 1 1 1 1 1 1 0 0 0 0 0
  0 1 0 0 1 1 1 1 1 1 1 0 0 0]
 [1 0 0 0 0 1 1 1 1 1 1 0 0 0 0 1 1 1 1 0 1 1 0 0 0 1 1 1 1 1 0 0 0 0 0 0
  0 1 1 0 1 1 1 1 1 0 1 0 0 0]
 [0 0 0 0 0 1 0 0 1 1 1 0 0 1 0 0 0 0 0 0 1 0 0 0 0 1 1 1 0 1 0 0 0 0 0 1
  0 1 1 1 0 1 1 1 1 1 1 0 0 0]
 [0 0 1 0 1 0 0 0 0 1 0 0 0 0 0 0 0 0 0 1 1 0 0 0 0 0 1 1 1 0 0 0 0 0 1 1
  1 0 1 1 1 1 1 1 1 1 1 1 1 1]
 [0 0 0 0 1 0 0 0 0 0 0 1 1 0 0 0 0 0 1 0 0 0 0 0 0 0 0 1 1 1 0 0 0 0 1 1
  1 1 1 1 1 1 1 1 1 1 1 1 1 1]
 [0 0 0 0 0 0 0 0 0 1 0 1 1 0 0 0 0 1 1 0 0 0 0 0 0 0 0 1 1 1 1 1 1 1 1 1
  1 0 1 1 1 1 1 1 1 0 1 1 1 1]
 [0 0 0 0 0 1 0 0 0 1 1 1 0 1 0 1 1 1 1 0 1 1 0 0 0 0 1 1 1 1 0 0 1 1 0 0
  0 0 1 1 1 1 1 1 0 0 0 0 0 0]
 [0 0 1 1 1 0 0 0 0 0 1 1 1 1 1 1 1 1 0 0 0 1 0 0 0 0 1 0 1 1 1 1 1 1 0 0
  0 0 0 1 1 0 1 1 1 1 0 0 0 1]
 [0 0 1 0 0 0 0 0 0 0 0 0 0 0 1 1 1 1 1 1 1 1 1 1 1 0 1 1 1 1 1 1 0 1 0 0
  0 0 0 1 0 0 1 1 1 0 0 0 0 0]
 [0 1 1 1 1 0 0 0 1 1 0 1 1 1 1 1 1 1 0 0 1 1 1 1 1 1 0 0 1 1 1 1 0 1 0 0
  1 1 1 0 0 0 0 1 0 0 1 1 1 0]
 [0 0 0 0 0 1 0 1 1 1 1 1 1 0 1 1 1 1 0 0 1 1 0 0 1 0 0 0 0 1 1 1 1 1 1 1
  1 1 1 1 1 1 1 1 0 1 1 1 0 0]
 [0 0 0 0 0 0 0 1 1 1 1 0 0 0 0 1 1 0 0 1 0 0 0 0 1 1 1 1 1 1 1 0 1 0 0 1
  1 1 1 0 1 0 1 1 0 0 1 1 0 0]
 [0 1 0 0 0 0 0 1 1 1 1 0 0 0 0 1 0 0 0 0 0 0 0 0 1 0 1 1 0 1 0 0 1 0 0 1
  1 1 0 0 0 0 1 1 1 1 0 0 0 0]
 [1 1 1 0 0 0 0 1 1 1 1 1 1 1 1 1 1 0 0 0 0 0 0 1 0 1 1 0 0 0 0 0 0 1 0 1
  1 0 0 1 0 0 1 1 1 1 1 0 0 1]
 [0 1 0 0 0 0 1 1 1 1 1 1 0 1 1 0 0 0 0 0 1 0 1 0 1 1 1 0 0 0 0 0 1 0 0 1
  1 1 1 1 1 1 0 1 1 1 1 1 0 0]
 [0 1 0 0 1 1 1 0 0 0 0 1 0 0 0 0 0 0 0 0 1 1 1 1 1 1 1 0 0 0 0 0 1 0 0 1
  0 0 0 1 1 1 1 1 1 1 1 1 0 0]
 [1 0 1 1 1 1 1 0 0 0 1 1 0 0 0 0 0 0 0 0 0 0 1 1 1 1 1 1 0 0 0 0 1 1 1 1
  1 1 0 0 1 1 0 1 1 1 1 0 0 0]
 [0 0 1 1 0 1 1 0 0 0 1 1 0 0 1 0 0 0 0 0 1 0 0 1 1 1 1 1 1 0 0 1 0 1 1 1
  1 1 1 1 0 0 0 0 1 1 1 0 0 0]
 [1 1 1 0 0 1 0 0 0 0 0 1 0 0 0 0 1 0 0 1 1 0 0 0 1 1 1 1 1 1 1 1 1 0 1 1
  1 1 1 1 0 1 1 0 0 0 1 1 0 0]
 [1 1 0 0 0 1 0 0 0 0 0 0 0 0 0 1 1 0 0 1 1 1 0 1 1 1 1 1 1 1 1 1 0 0 0 0
  0 1 1 1 1 1 1 1 0 0 0 0 0 0]
 [1 1 1 1 0 1 0 0 0 0 0 0 0 0 0 1 0 0 1 1 1 1 1 1 1 1 1 1 1 0 0 1 0 0 0 0
  0 1 0 1 1 1 1 0 0 0 0 0 0 0]
 [1 0 0 0 1 1 0 0 1 1 0 0 0 0 0 0 0 1 1 1 0 1 1 1 1 1 1 1 1 0 0 0 0 0 1 0
  1 1 1 0 0 1 1 0 0 0 0 0 0 0]
 [1 1 0 0 0 1 0 0 1 1 0 0 0 1 1 1 1 1 1 1 1 1 0 0 0 1 1 1 1 0 0 0 1 1 1 1
  1 1 0 0 0 0 1 1 0 0 0 1 1 1]
 [1 0 0 1 0 0 1 1 1 0 0 0 1 0 1 1 0 1 1 1 1 1 0 0 0 1 1 1 1 0 1 1 1 1 1 1
  1 1 0 0 0 0 0 1 1 0 0 1 1 0]
 [1 0 0 1 1 1 0 0 1 0 0 0 0 0 0 0 1 1 1 0 0 1 0 0 0 1 1 1 1 1 0 0 1 1 1 1
  0 0 1 0 0 0 0 0 1 1 1 1 0 0]
 [1 0 0 0 1 0 0 0 0 0 0 0 1 0 0 0 0 1 0 0 0 1 0 0 1 1 1 1 1 1 1 1 1 1 1 1
  0 1 1 0 0 0 0 1 1 1 0 0 0 0]
 [1 0 0 0 1 1 0 1 0 0 0 0 0 0 0 0 0 0 0 0 0 1 0 0 1 1 1 1 1 1 1 1 1 1 1 0
  0 0 0 0 0 0 1 1 1 1 0 0 0 1]] 

Etalon Vector : 
 [1, 0, 0, 0, 0, 0, 0, 0, 0, 0, 0, 0, 1, 0, 0, 0, 1, 0, 0, 0, 1, 1, 0, 0, 0, 1, 1, 1, 1, 1, 0, 0, 1, 1, 1, 0, 0, 1, 1, 1, 1, 1, 1, 1, 1, 1, 1, 1, 0, 0] 

Neighbor file : 
 test_data/land.png 

Perfect radius : 
 20 

KFE : 
 0.35293362957038443 

