images/grass2.png 

Base Matrix: 
 [[ 71 103 100  92 101 104 147 113 127 147  74  34  56 127 109 117 113 105
  110 112 111 114 117 110 110 113 109  99  26  46  64  75  79  81  52  73
   70  74  76  78  73  71  77  75 101  71  90  81  90  82]
 [ 71  92 110  94  77 101 146 128 109  62  39  44 100 117 108 104 111 114
  108 108 112 103 120 113 113 104 113 101  33  47  65  73  82  77  63  60
   76  76  75  88  92  81  89  70  94  90  72  79  98  74]
 [ 97 108 113 103  82 110 114 111 100 101  99 102 111 108 115 107 107 112
  110 113 123 114 107 113 107 106 104 104  73  37  76  89  64  99  80  75
   71  64  83  91 100  49  71  76  68 108  93  88 101  70]
 [111 126 118 121 174 122  99 106 104 110 103 112 104 102 114 114 114 113
  112 112 116 113 112 115 111 106 111 107 104  60  65  97  81 100 100 102
  102  97  94 106  95  46  78  65  64 102 113 100 102  47]
 [105  72  54  72 165 165 105  99 104 114 119 119 112 107 106 102 109 111
  114 110 116 113 103 112 106  99 113 108  99  97 106 100 105  96 106 100
  103 106  85 100  91  49  59  65  81 107 115 113 103  81]
 [ 89  28  29  54 113 104 110 117 108 114 122 124 112 109 113 107 111 109
  107 108 118 115 114 112 111 103 105 109 107  99 107 109 103 110 106 103
  105 105  94  97  92  86  77  74 101  84  79  90  95 102]
 [ 86  76  91 111 107 114 122 113 107 113 122 126 117 110 112 115 109 116
  106  97 111 108 106 111 106 107 105 107 102 106 117 101 106 106 101  94
   98 102 102  93 104 106 100 104 102 110  87  79  91 101]
 [111 104  95 112 114 102 107 111 113 103 121 118 115  99 107 113 112  99
   84  83 106 111 104  99 107 102 105 114 105 103 106 108 105 103  98  92
  110  99 104 107 100 115 107 103  95 106  99  91  95  92]
 [ 99 112 108 108 111 106 108 119 113 118 131 117 114 110 108 113 100  68
  105 105 111  97 111 107 104 105 109 113 117 109 106 107 103  97 107 102
  103 102  97 102 101 108 103 106  79  91 103  93 107 100]
 [112 114 110 105  99 108 108 110 119 123 122 120 113 114 106 108  89  81
   79  67  94 103 114 109 105 106 114 111 100 112 104 107  99 106 112 108
  102 104 102 102 109 103 103 104  92  96  99 100 111 103]
 [114 106 108 112  99 110 113 109 125 119 115 114 113 116 116 113  50  74
   66  65  90 102 115 113 112 111 114 114  95 106 107 111 105 109 106 119
  101 102  96 101 102 105 108 113 101 106 102  97 103  96]
 [113 112 118 115 104 113 121 117 117 120 108 108 118 119 113  99  43  74
   80  76  58  77  95 110 112 115 101 106 110 101 102  96  97 102 104 101
  106 104 100 105 100 104  95 108 106  92 101  98 104 110]
 [109 116 120 117 114 115 112 110 119 116 116 118 112 115  65  71  41  64
   77  74  61  67  86 106 110 114 106 102 106  97  99  96  89  85  95  90
   93 105  99  92 101 100  97 108 101 114 114 106 100 104]
 [113 118 127 125 118 109 114 106 105 110 122 112 107 116 109  60  35  66
   75  74  71  65  85 110 105 106 108 110 103  92  90  89  93  96  97 108
  113 117 112 112 106 106  91  97 108 109 120 108 117 102]
 [121 122 123 121 115 108 113 116 110  99 112 106 116 116 110  54  46  73
   80  71  52  83 118 115 105 103 105 101  91  98 100 109  87 102 106 110
  111 118 109 106 107 102 112  95  93 100 103 101  97 109]
 [120 118 117 117 114 116 118 113 113 102  91 113 111 109 116  32  48  69
   87  67  79  93 124 116 112 102 101  91  97  89 105 109 109  98 102 113
  107  86  92 100 104  95 102 104 104 115 103 100  99 105]
 [112 114 112 110 111 119 120 114 118  98  81 117 110 107 105  34  44  50
   70  68  81 115 117 110 106  99 102 100 105  98 105 106 107  93 100 100
  106  93 106 105 108 101  97 104  98 104 109 103  99 109]
 [116 113 109 110 112 119 121 110 107  99  90  94 112 103 103  85  30  65
   49  84 115 112 106  99  99 103  98 102 102  98 106 111 101  94  97  96
  115 101 107 113 107 102 113 112 111 116 107 111 103 108]
 [105 115 114 113 111 113 111 105 108 105  89 106 108 103 101 109 101  97
   97 111 105  96 108  99 114 119 103 115 110 107 101 110  98 107 103 116
  112 109 112 107 117 101  91 105 104 131 107 110 108 102]
 [114 112 113 113 114 105 117 106 109 104  95 110 101  99 102 108 101 107
  113 101 103  95 100 108 114 113 102 107 103 104 104 113 100 107 109 121
  108 114 109 111 109  97  99 100 107 115  99 105 113 102]
 [121  95  77  72  89 111 117 119 115 115 112 115  98 100 111 108 113 108
  106 109 100  95 102 109 115 105  95 106 110 107 111 109 106 110 102 117
  109 110 100 110  98  99 111 105 115 115 101 115 116 109]
 [108  21  71  71  82 101 119 113 109 104 103 115 115 113 104 102 108 116
   99 103 108 115  98 102 101 104  96 104 116 108 117 118 117 113 107 122
  110 107 115 108 110 111 117 119 115 108 102 112  98 112]
 [ 85  25  68  82  78 104 113 111 109 112 109 111 117 104 103 109 107 110
  104  94 120 103 103 111 110  98  97 105  95 111 116 112 106  99 107 112
  110 111 112 109 109 101 123 120 123 111 110 116 109 101]
 [ 90  18  61  78  78 119 114 110 111 112  98 106 112 109 103 105  97 111
  110 108 115 115 104 102 109 103 103 111 101 109 110  97 102 101 108 109
  110 110 105 110 112  98 120 113 113 114 112 118 118 111]
 [107  56  33  85 100 115 116 113  99 104  97 109 111 105 112 100 105 102
  110 110 116 104 109 102 108 112 114 113 108 106 115 107 102 106 109 108
  109 116 106 111 120 116 116 106 104 118 121 125 114 114]
 [121 116 112 108 108 114 121 112 105  98 107 110 111 105 107 102 108 109
  101 114 110 105 103 102 108 114 111 113 111 105 108 104 101 105 110 101
  107 105 106 112 110 117 113 119 110 119 115 114 126 116]
 [119 119 116 113 116 113 113 112 108 107 115 116 116 113 108 110 114 103
  105 113 110 104 104 100 105 109 109 108 110 111 117 116 102 106 101 107
  110 108 108 106 113 114 111 111 112 110 112 115 125 116]
 [111 110 112 115 113 117 113 114 115 108 113 116 118 121 114 106 108 103
  101 101 113 113 104  97  99 109 112 103 104 108 113 110 108 110 107 102
  103 112 112 111 111 118 116 113 114 113 114 110 113 117]
 [112 113 116 119 126 125 120 120 116 107 116 122 125 112 103 113 112 112
  105 103 112 120 115 111  94 104 108 101 108 107 114 104 110 114 114 118
  106 110 112 111 111 106 110 110 115 115 117 118 115 114]
 [114 115 121 117 118 118 123 118 115 115 112 111 122 116 116 115 109 114
   99 102 104 114 106 113 113 110 109  95 106 111 115 111 114 106 107 105
  109 109 103 111 116 117 115 107 102 116 113 116 117 121]
 [120 123 119 119 113 107 113 120 110 117 120 114 124 116 114 119 110 114
  103 105  97 105 103  98 110 106 118 111 108 116 107 110 119 112 107 105
  110 105 105 104 104 112 104 110 106 110 115 108 114 117]
 [124 125 116 116 113 113 122 122 108 109 114 109 114 106 117 115 108 119
  111 103 106 103 100  98 111  99 111 109 112 110 107 110 106 115 109 104
  105 107 112 110 108 107 101 104 108 108 112 108 106 111]
 [123 123 120 111 127 113 112 116 116 118 127 112 113 109 110 110 104 106
  115 118 106 119 115 104 101 105 108 112 107 105 109 106 103 108 116 113
  108 103 108 106 109 114 111 106 110 112 111 112 108 106]
 [123 126 122 108 118 112 114 114 115 122 110 113 116 108 120 118 107 117
  103 115 116 128 121 112 106 101 117 114 102 113 110 105 107 112 120 108
  109 106 109  97 113 113 115 105 108 101 112 104 110 117]
 [119 118 119 117 117 118 121 110 115 109 112 117 104 104  94 106 113 105
  131 129 124 115 107 119 115 105 107 119 111 115 120 112 106 112 118 110
  110 111 121 108 113 113 103 110 109 112 112 109 117 114]
 [122 126 121 120 124 128 124 114 115 108 111 115 113 109 110 103 100  95
  121 119 117 129 116 114 105 107 117 115 117 122 121 119 118 115 130 111
  107 111 116 112 113 110 112 112 106 115 111 115 119 120]
 [121 120 119 122 112 137 128 118 110 113 114 119 112 114 119 120 104 106
  107 113  97 129 123 126 112 105 108 103 120 115 118 118 106 127 130 111
  103 110 112 112 114 114 114 120 106 117 113 118 119 121]
 [117 124 121 117 105 136 122 123 120 119 118 114 120 111 119 122 117 112
  114 108 116 106 106 119 126 120 110 100 113 118 109 118 100 131 121 114
  105 108 115 121 111 111 118 114 119 113 117 118 106 120]
 [116 128 128 117 106 125 125 114 125 122 127 131 121 115 122 115 117 126
  112 125  97 114 121  98 123 119 129 118  95 116 113 112 101 112 115 125
  115  96  99 110 107 110 114 116 114 119 108 115 112 127]
 [124 108 123 119 122 104 119 123 113 124 121 124 119 118 122 122 120 123
  127 120 108  97 116 111 120 115 111 121 123 115 114 129 113 108 113 107
  111 115 116 112 112 115 119 127 116 115 116 114 104 129]
 [115 118 126 131 117 112 108 121 119 117 121 123 114 118 117 121 112 122
  123 122 122 101 109 103 101 120 113 120 119 118 109 122 116 113 114 100
  109 122 114 110 115 112 128 119 112 118 115 117 107 129]
 [125 121 123 128 123 120 106 113 129 114 111 118 121 122 109 109 101 110
   95 104 126 110 124 118 112 104 115 115 115 114 123 123 120 117 118 109
  116 116 112 111 112 117 116 108 127 119 121 127 126 120]
 [121 115 122 130 121 120 117 116 114 117 122 117 118 117 136 148 113 111
  101 108 117 121 123 122 114 121 111 103 113 118 122 130 122 116 114 122
  109 121 113 108 115 105 120 123 121 130 123 123 124 141]
 [121 115 121 128 124 115 123 120 129 115 125 121 103 107 163 190 152 106
  112 111 112 120 120 125 130 123 124 122 127 124 125 117 126 124 122 122
  118 109 110 120 123 126 124 124 121 128 126 129 145 142]
 [141 124 124 123 124 122 122 115 120 118  94  66  82 144 194 181 175 145
  113 112 116 109 123 124 127 131 136 123 126 133 124 121 118 121 118 118
  122 122 120 126 126 127 124 126 115 129 139 149 146 136]
 [140 125 137 111 125 123 122 120 111 116  30  13  65 178 174 176 161 149
  115 119 119 106 118 130 117 123 134 123 121 122 126 129 130 124 125 124
  128 123 127 126 130 127 129 131 123 147 156 152 142 132]
 [128 131 135 129 129 115 108  94  65  49  16  14  53 145 159 173 162 152
  113 115 122 120 124 127 121 124 130 128 129 125 124 136 130 127 135 128
  120 122 124 123 119 127 132 145 148 154 146 133 130 133]
 [125 120 122 132 135  92  77  61  28  26  19  31  60 111 127 145 140 123
  111 113 116 119 123 121 124 125 119 123 135 125 122 125 123 126 128 126
  128 125 126 125 126 123 142 152 153 146 129 122 130 129]
 [122 113 116 118 105  70  63  33  36  33  22  55  65  67  86 137 127 116
  111 111 114 122 117 115 116 121 124 116 123 118 119 121 115 116 118 110
  121 126 127 126 138 149 138 154 140 131 123 125 130 120]
 [105 108 110 115  97  91  56  30  86 106  91 102 111 116 124 119 115 113
   98 109 110 106 123 119 115 114 115 121 117 114 118 128 136 125 123 117
  119 118 130 144 140 154 137 128 129 137 122 124 120 119]] 

AVG Vector: 
 [106.26, 106.68, 105.3, 106.24, 113.32, 104.56, 100.22, 102.8, 110.32, 113.46, 105.54, 98.82, 107.92, 99.98, 92.76, 96.4, 100.84, 87.18, 82.22, 88.82, 86.64, 91.76, 95.94, 104.8, 111.42, 108.62, 89.8, 79.06, 66.24, 54.74, 42.98, 38.52, 40.8, 61.54, 69.86, 82.46, 88.66, 88.0, 86.04, 75.3, 87.9, 97.08, 86.92, 76.42, 73.64, 76.24, 69.04, 66.48, 77.74, 84.88] 

Higher Limit: 
 [155.26, 155.68, 154.3, 155.24, 162.32, 153.56, 149.22, 151.8, 159.32, 162.45999999999998, 154.54000000000002, 147.82, 156.92000000000002, 148.98000000000002, 141.76, 145.4, 149.84, 136.18, 131.22, 137.82, 135.64, 140.76, 144.94, 153.8, 160.42000000000002, 157.62, 138.8, 128.06, 115.24, 103.74000000000001, 91.97999999999999, 87.52000000000001, 89.8, 110.53999999999999, 118.86, 131.45999999999998, 137.66, 137.0, 135.04000000000002, 124.3, 136.9, 146.07999999999998, 135.92000000000002, 125.42, 122.64, 125.24, 118.04, 115.48, 126.74, 133.88] 

Lower Limit: 
 [57.260000000000005, 57.68000000000001, 56.3, 57.239999999999995, 64.32, 55.56, 51.22, 53.8, 61.31999999999999, 64.46, 56.540000000000006, 49.81999999999999, 58.92, 50.980000000000004, 43.760000000000005, 47.400000000000006, 51.84, 38.18000000000001, 33.22, 39.81999999999999, 37.64, 42.760000000000005, 46.94, 55.8, 62.42, 59.620000000000005, 40.8, 30.060000000000002, 17.239999999999995, 5.740000000000002, -6.020000000000003, -10.479999999999997, -8.200000000000003, 12.54, 20.86, 33.459999999999994, 39.66, 39.0, 37.040000000000006, 26.299999999999997, 38.900000000000006, 48.08, 37.92, 27.42, 24.64, 27.239999999999995, 20.040000000000006, 17.480000000000004, 28.739999999999995, 35.879999999999995] 

Binary Matrix: 
 [[1 1 1 1 1 1 1 1 1 1 1 0 0 1 1 1 1 1 1 1 1 1 1 1 1 1 1 1 0 0 1 1 1 1 0 1
  1 1 1 1 1 1 1 1 1 1 1 1 1 1]
 [1 1 1 1 1 1 1 1 1 1 0 0 1 1 1 1 1 1 1 1 1 1 1 1 1 1 1 1 0 0 1 1 1 1 1 1
  1 1 1 1 1 1 1 1 1 1 1 1 1 1]
 [1 1 1 1 1 1 1 1 1 1 1 1 1 1 1 1 1 1 1 1 1 1 1 1 1 1 1 1 1 0 1 1 1 1 1 1
  1 1 1 1 1 0 1 1 1 1 1 1 1 1]
 [1 1 1 1 0 1 1 1 1 1 1 1 1 1 1 1 1 1 1 1 1 1 1 1 1 1 1 1 1 1 1 1 1 1 1 1
  1 1 1 1 1 0 1 1 1 1 1 1 1 0]
 [1 1 0 1 0 0 1 1 1 1 1 1 1 1 1 1 1 1 1 1 1 1 1 1 1 1 1 1 1 1 1 1 1 1 1 1
  1 1 1 1 1 0 1 1 1 1 1 1 1 1]
 [1 0 0 0 1 1 1 1 1 1 1 1 1 1 1 1 1 1 1 1 1 1 1 1 1 1 1 1 1 1 1 1 1 1 1 1
  1 1 1 1 1 1 1 1 1 1 1 1 1 1]
 [1 1 1 1 1 1 1 1 1 1 1 1 1 1 1 1 1 1 1 1 1 1 1 1 1 1 1 1 1 1 1 1 1 1 1 1
  1 1 1 1 1 1 1 1 1 1 1 1 1 1]
 [1 1 1 1 1 1 1 1 1 1 1 1 1 1 1 1 1 1 1 1 1 1 1 1 1 1 1 1 1 1 1 1 1 1 1 1
  1 1 1 1 1 1 1 1 1 1 1 1 1 1]
 [1 1 1 1 1 1 1 1 1 1 1 1 1 1 1 1 1 1 1 1 1 1 1 1 1 1 1 1 1 1 1 1 1 1 1 1
  1 1 1 1 1 1 1 1 1 1 1 1 1 1]
 [1 1 1 1 1 1 1 1 1 1 1 1 1 1 1 1 1 1 1 1 1 1 1 1 1 1 1 1 1 1 1 1 1 1 1 1
  1 1 1 1 1 1 1 1 1 1 1 1 1 1]
 [1 1 1 1 1 1 1 1 1 1 1 1 1 1 1 1 0 1 1 1 1 1 1 1 1 1 1 1 1 1 1 1 1 1 1 1
  1 1 1 1 1 1 1 1 1 1 1 1 1 1]
 [1 1 1 1 1 1 1 1 1 1 1 1 1 1 1 1 0 1 1 1 1 1 1 1 1 1 1 1 1 1 1 1 1 1 1 1
  1 1 1 1 1 1 1 1 1 1 1 1 1 1]
 [1 1 1 1 1 1 1 1 1 1 1 1 1 1 1 1 0 1 1 1 1 1 1 1 1 1 1 1 1 1 1 1 1 1 1 1
  1 1 1 1 1 1 1 1 1 1 1 1 1 1]
 [1 1 1 1 1 1 1 1 1 1 1 1 1 1 1 1 0 1 1 1 1 1 1 1 1 1 1 1 1 1 1 1 1 1 1 1
  1 1 1 1 1 1 1 1 1 1 1 1 1 1]
 [1 1 1 1 1 1 1 1 1 1 1 1 1 1 1 0 0 1 1 1 0 1 1 1 1 1 1 1 1 1 1 1 1 1 1 1
  1 1 1 1 1 1 1 1 1 1 1 1 1 1]
 [1 1 1 1 1 1 1 1 1 1 1 1 1 1 1 0 0 1 1 1 1 1 1 1 1 1 1 1 1 1 1 1 1 1 1 1
  1 1 1 1 1 1 1 1 1 1 1 1 1 1]
 [1 1 1 1 1 1 1 1 1 1 1 1 1 1 1 0 0 0 1 1 1 1 1 1 1 1 1 1 1 1 1 1 1 1 1 1
  1 1 1 1 1 1 1 1 1 1 1 1 1 1]
 [1 1 1 1 1 1 1 1 1 1 1 1 1 1 1 1 0 1 0 1 1 1 1 1 1 1 1 1 1 1 1 1 1 1 1 1
  1 1 1 1 1 1 1 1 1 1 1 1 1 1]
 [1 1 1 1 1 1 1 1 1 1 1 1 1 1 1 1 1 1 1 1 1 1 1 1 1 1 1 1 1 1 1 1 1 1 1 1
  1 1 1 1 1 1 1 1 1 1 1 1 1 1]
 [1 1 1 1 1 1 1 1 1 1 1 1 1 1 1 1 1 1 1 1 1 1 1 1 1 1 1 1 1 1 1 1 1 1 1 1
  1 1 1 1 1 1 1 1 1 1 1 1 1 1]
 [1 1 1 1 1 1 1 1 1 1 1 1 1 1 1 1 1 1 1 1 1 1 1 1 1 1 1 1 1 1 1 1 1 1 1 1
  1 1 1 1 1 1 1 1 1 1 1 1 1 1]
 [1 0 1 1 1 1 1 1 1 1 1 1 1 1 1 1 1 1 1 1 1 1 1 1 1 1 1 1 1 1 1 1 1 1 1 1
  1 1 1 1 1 1 1 1 1 1 1 1 1 1]
 [1 0 1 1 1 1 1 1 1 1 1 1 1 1 1 1 1 1 1 1 1 1 1 1 1 1 1 1 1 1 1 1 1 1 1 1
  1 1 1 1 1 1 1 1 1 1 1 1 1 1]
 [1 0 1 1 1 1 1 1 1 1 1 1 1 1 1 1 1 1 1 1 1 1 1 1 1 1 1 1 1 1 1 1 1 1 1 1
  1 1 1 1 1 1 1 1 1 1 1 1 1 1]
 [1 0 0 1 1 1 1 1 1 1 1 1 1 1 1 1 1 1 1 1 1 1 1 1 1 1 1 1 1 1 1 1 1 1 1 1
  1 1 1 1 1 1 1 1 1 1 1 1 1 1]
 [1 1 1 1 1 1 1 1 1 1 1 1 1 1 1 1 1 1 1 1 1 1 1 1 1 1 1 1 1 1 1 1 1 1 1 1
  1 1 1 1 1 1 1 1 1 1 1 1 1 1]
 [1 1 1 1 1 1 1 1 1 1 1 1 1 1 1 1 1 1 1 1 1 1 1 1 1 1 1 1 1 1 1 1 1 1 1 1
  1 1 1 1 1 1 1 1 1 1 1 1 1 1]
 [1 1 1 1 1 1 1 1 1 1 1 1 1 1 1 1 1 1 1 1 1 1 1 1 1 1 1 1 1 1 1 1 1 1 1 1
  1 1 1 1 1 1 1 1 1 1 1 1 1 1]
 [1 1 1 1 1 1 1 1 1 1 1 1 1 1 1 1 1 1 1 1 1 1 1 1 1 1 1 1 1 1 1 1 1 1 1 1
  1 1 1 1 1 1 1 1 1 1 1 1 1 1]
 [1 1 1 1 1 1 1 1 1 1 1 1 1 1 1 1 1 1 1 1 1 1 1 1 1 1 1 1 1 1 1 1 1 1 1 1
  1 1 1 1 1 1 1 1 1 1 1 1 1 1]
 [1 1 1 1 1 1 1 1 1 1 1 1 1 1 1 1 1 1 1 1 1 1 1 1 1 1 1 1 1 1 1 1 1 1 1 1
  1 1 1 1 1 1 1 1 1 1 1 1 1 1]
 [1 1 1 1 1 1 1 1 1 1 1 1 1 1 1 1 1 1 1 1 1 1 1 1 1 1 1 1 1 1 1 1 1 1 1 1
  1 1 1 1 1 1 1 1 1 1 1 1 1 1]
 [1 1 1 1 1 1 1 1 1 1 1 1 1 1 1 1 1 1 1 1 1 1 1 1 1 1 1 1 1 1 1 1 1 1 1 1
  1 1 1 1 1 1 1 1 1 1 1 1 1 1]
 [1 1 1 1 1 1 1 1 1 1 1 1 1 1 1 1 1 1 1 1 1 1 1 1 1 1 1 1 1 1 1 1 1 1 1 1
  1 1 1 1 1 1 1 1 1 1 1 1 1 1]
 [1 1 1 1 1 1 1 1 1 1 1 1 1 1 1 1 1 1 1 1 1 1 1 1 1 1 1 1 1 1 1 1 1 1 1 1
  1 1 1 1 1 1 1 1 1 1 1 1 1 1]
 [1 1 1 1 1 1 1 1 1 1 1 1 1 1 1 1 1 1 1 1 1 1 1 1 1 1 1 1 1 1 1 1 1 1 1 1
  1 1 1 1 1 1 1 1 1 1 1 1 1 1]
 [1 1 1 1 1 1 1 1 1 1 1 1 1 1 1 1 1 1 1 1 1 1 1 1 1 1 1 1 1 1 1 1 1 1 1 1
  1 1 1 1 1 1 1 1 1 1 1 1 1 1]
 [1 1 1 1 1 1 1 1 1 1 1 1 1 1 1 1 1 1 1 1 1 1 1 1 1 1 1 1 1 1 1 1 1 1 1 1
  1 1 1 1 1 1 1 1 1 1 1 1 1 1]
 [1 1 1 1 1 1 1 1 1 1 1 1 1 1 1 1 1 1 1 1 1 1 1 1 1 1 1 1 1 1 1 1 1 1 1 1
  1 1 1 1 1 1 1 1 1 1 1 1 1 1]
 [1 1 1 1 1 1 1 1 1 1 1 1 1 1 1 1 1 1 1 1 1 1 1 1 1 1 1 1 1 1 1 1 1 1 1 1
  1 1 1 1 1 1 1 1 1 1 1 1 1 1]
 [1 1 1 1 1 1 1 1 1 1 1 1 1 1 1 1 1 1 1 1 1 1 1 1 1 1 1 1 1 1 1 1 1 1 1 1
  1 1 1 1 1 1 1 1 1 1 1 1 1 1]
 [1 1 1 1 1 1 1 1 1 1 1 1 1 1 1 1 1 1 1 1 1 1 1 1 1 1 1 1 1 1 1 1 1 1 1 1
  1 1 1 1 1 1 1 1 1 1 1 1 1 1]
 [1 1 1 1 1 1 1 1 1 1 1 1 1 1 1 1 1 1 1 1 1 1 1 1 1 1 1 1 1 1 1 1 1 1 1 1
  1 1 1 1 1 1 1 1 1 1 1 1 1 1]
 [1 1 1 1 1 1 1 1 1 1 1 1 1 1 0 0 1 1 1 1 1 1 1 1 1 1 1 1 1 1 1 1 1 1 1 1
  1 1 1 1 1 1 1 1 1 1 1 1 1 1]
 [1 1 1 1 1 1 1 1 1 1 1 1 1 1 0 0 0 1 1 1 1 1 1 1 1 1 1 1 1 1 1 1 1 1 1 1
  1 1 1 1 1 1 1 1 1 1 1 1 1 1]
 [1 1 1 1 1 1 1 1 1 1 0 0 1 0 0 0 0 1 1 1 1 1 1 1 1 1 1 1 1 1 1 1 1 1 1 1
  1 1 1 1 1 1 1 1 1 1 0 1 1 1]
 [1 1 1 1 1 1 1 1 1 0 0 0 0 1 0 0 0 1 1 1 1 1 1 1 1 1 1 1 1 1 1 1 1 1 1 1
  1 1 1 1 1 1 1 1 1 1 1 1 1 1]
 [1 1 1 1 1 1 1 1 0 0 0 0 1 1 1 1 1 1 1 1 1 1 1 1 1 1 1 1 1 1 1 1 1 1 1 1
  1 1 1 1 1 1 1 1 1 1 1 1 1 1]
 [1 1 1 1 1 1 1 0 0 0 0 0 1 1 1 1 1 1 1 1 1 1 1 1 1 1 1 1 1 1 1 1 1 1 1 1
  1 1 1 1 1 1 1 1 1 1 1 1 1 1]
 [1 1 1 1 1 1 0 0 1 1 1 1 1 1 1 1 1 1 1 1 1 1 1 1 1 1 1 1 1 1 1 1 1 1 1 1
  1 1 1 1 1 1 1 1 1 1 1 1 1 1]] 

Etalon Vector : 
 [1, 1, 1, 1, 1, 1, 1, 1, 1, 1, 1, 1, 1, 1, 1, 1, 1, 1, 1, 1, 1, 1, 1, 1, 1, 1, 1, 1, 1, 1, 1, 1, 1, 1, 1, 1, 1, 1, 1, 1, 1, 1, 1, 1, 1, 1, 1, 1, 1, 1] 

Neighbor file : 
 images/road.png 

Perfect radius : 
 0 

KFE : 
 0.0 

