test_data/land.png 

Base Matrix: 
 [[ 49  57  57  42  45  56  43  50  49  53  63  61  72  72  68  61  64  77
   80  76  93 120 127 113  98 132 173 173 177 192 201 194 178 174 184 194
  192 177 150  99  86  72  72  64  53  57  56  48  52  58]
 [ 48  54  58  44  46  56  46  56  58  59  74  68  81  72  75  51  57  88
   80  58  79 105  97 100 127 170 175 171 184 195 200 188 171 175 188 194
  187 176 142  97  83  66  65  64  54  52  48  45  52  56]
 [ 47  50  53  44  41  48  46  62  64  66  79  81  86  58  61  65  71  91
   88  66  68  84  83  97 142 176 168 168 186 197 196 180 165 177 192 197
  180 170 126  91  69  55  67  65  54  51  47  43  51  56]
 [ 47  43  41  43  42  45  45  61  61  72  80  97  93  49  47  73  85  91
  103  96  82 101 136 145 163 158 154 177 196 198 192 174 161 179 194 196
  168 156 106  88  71  70  76  67  52  53  50  42  45  54]
 [ 45  45  44  45  47  44  46  47  60  62  83  86  73  49  58  68  87  79
   81  86 100 149 169 160 163 143 146 185 198 196 186 166 169 187 193 181
  172 139  93  76  59  62  73  60  63  58  49  52  43  45]
 [ 42  43  49  55  60  63  68  66  73  64  67  98 123 106  79  75  78  83
   74  78 119 155 161 157 163 151 158 190 200 195 183 168 174 190 193 178
  163 118  89  75  70  66  63  69  76  59  43  50  46  49]
 [ 41  39  42  58  71  76  80  71  92 113 138 162 168 153 122 121 108 110
   91  87 132 156 165 163 170 163 170 190 197 193 179 170 181 193 191 175
  150 102  83  64  63  67  74  58  52  47  51  55  43  46]
 [ 39  37  42  62  77  75  81  70  85 125 174 152 139 142 117 132 131 128
  124 133 158 173 163 168 177 178 188 198 197 189 176 174 188 194 186 163
  120  89  75  59  53  70  69  57  50  49  59  65  57  49]
 [ 37  37  50  65  62  61  68  62  83 113 169 136 117 121 112 125 130 117
  124 143 151 166 162 174 184 188 198 201 194 184 176 180 193 193 178 155
  100  81  67  56  47  61  53  53  49  49  55  71  87  67]
 [ 46  46  75  91  60  78  72  67  88 101 143 149 127 128 129 128 128 118
  120 135 145 154 165 181 187 190 197 195 187 180 176 186 196 189 171 149
  111  80  61  50  49  48  54  62  59  58  56  85 120  81]
 [ 57  60  75  95  59  87  70  61  83 107 128 127 142 160 135 154 156 160
  156 155 159 149 161 177 184 190 200 197 186 178 178 189 197 185 166 141
  116  79  57  48  61  51  55  52  60  84  88  82 103  86]
 [ 49  75  62  65  55  56  58  65  85 120 118 118 171 193 183 181 180 182
  184 178 168 166 177 175 187 194 199 193 182 179 180 193 195 178 162 149
  108  70  56  53  56  51  58  78 110 109  95  96 108  96]
 [ 41  61  72  68  53  61  71  70 106 127 119 117 138 170 170 176 173 183
  190 177 168 176 179 177 187 195 198 189 180 182 184 196 193 174 155 124
  111  79  65  61  58  61  60  75  94 115  92  95 139 105]
 [ 51  56  74  92  66  59  80  73 118 154 167 151 139 154 166 166 165 179
  184 168 164 178 181 181 189 198 197 184 175 180 186 195 185 167 144 109
  110  86  71  63  60  59  60  61  68 101 109  99 105  79]
 [ 58  50  60  81  72  63  86  95 136 174 165 164 177 180 175 173 170 170
  166 159 167 184 182 184 190 198 194 181 174 181 189 195 180 166 141 103
   96  83  73  65  74  60  69  88  88 109  84  61  74  80]
 [ 64  56  67  67  95  91 101 130 146 169 167 157 183 181 177 179 179 173
  168 168 177 183 183 188 191 196 189 179 179 190 196 195 174 166 143 115
  104  88  77  63  71  58  73 112 111 143 111  44  58  61]
 [ 71  63  63  66  90  68  96 149 156 175 179 171 176 183 183 177 178 176
  176 180 181 178 182 190 191 193 185 180 183 193 196 189 162 158 136 111
  111  87  76  53  53  56  87 101 124 154 106  47  47  55]
 [ 58  61  62  71  76  72 109 163 165 166 169 171 178 184 183 181 176 174
  178 181 182 182 185 194 195 190 182 181 187 192 197 186 155 156 133 109
  129  95  81  67  63  74 123  93 126 130  75  49  46  70]
 [ 55  58  65  76  73  71 111 182 178 172 169 173 178 178 177 182 174 173
  177 180 181 185 189 197 196 187 181 183 190 192 195 179 152 156 135  91
  107  84  79  77  74  70  90  74  98  99  73  57  73  83]
 [ 49  48  62  82  69  75 149 163 155 168 162 153 169 171 169 176 171 172
  177 179 181 186 194 198 195 186 181 185 192 195 187 164 148 150 137 104
  101  90  80  74  83  72  88  88  86 102 107  83 122 122]
 [ 46  51  58  71  75  78 149 120 136 172 157 154 173 179 178 174 169 171
  177 179 182 189 198 197 191 184 182 188 194 196 182 160 152 148 141 109
  111 101  79  64  71  78 112 124 112 101 104  79 116 130]
 [ 45  49  53  61  82  84 106 148 166 172 161 156 173 173 173 174 171 173
  177 179 184 192 198 195 188 182 183 191 195 193 178 162 159 151 146 117
  124 107  86  76  70  90  92 103 102  92  81  79  94 113]
 [ 50  51  50  59  76 106 120 143 162 162 158 167 176 174 175 179 175 176
  178 180 187 196 195 191 185 181 185 193 196 187 173 167 160 154 149 144
  141 117  99  92  69  77  79  81  76  81  69  81 112 110]
 [ 49  51  48  62  81 144 136 149 154 151 156 174 178 172 176 184 179 178
  178 180 189 200 192 188 183 181 186 194 196 180 169 167 158 156 152 153
  131 108  95  98  80  78  76  83  81 129 123 117 140  96]
 [ 47  49  50  50  57  76  79  86 109 146 159 173 164 168 176 177 174 174
  182 191 196 197 191 188 182 184 193 195 188 179 171 151 143 154 151 152
  139 124 105  91 107  80  70  92  76  89 122 150 129  78]
 [ 39  38  43  42  44  50  57  63  71  94 111 155 166 168 171 177 174 174
  182 191 196 196 190 186 181 186 196 195 189 177 165 156 152 157 155 149
  140 140 129 113 123  85  65  95  75  66 114 141 118  93]
 [ 33  38  36  42  47  48  52  56  60  67  81 133 166 172 175 178 174 175
  182 191 195 194 187 183 181 189 198 193 184 175 163 155 156 159 153 143
  142 153 136 115 121  93  76  81  83  94 119 110  82  80]
 [ 40  53  33  42  54  52  53  58  64  68  74 110 149 166 176 177 175 176
  184 192 194 191 184 181 181 191 199 189 175 166 163 161 155 153 159 145
  140 146 121  99 100  80  83 101  98  98 100  76  58  63]
 [ 40  52  49  56  57  50  53  62  59  63  78  98 139 163 179 175 175 179
  188 193 193 188 181 182 184 193 197 185 169 156 157 164 139 117 146 156
  143 138 122 117 105  77  81  96  88  86  76  53  47  57]
 [ 37  42  62  74  61  49  59  63  55  61  90  98 144 168 182 172 174 181
  191 195 191 184 180 184 188 194 194 181 170 164 161 167 151 132 155 160
  146 135 127 137 119  97  83  64  81 104  77  47  48  58]
 [ 46  51  51  74  58  47  60  55  54  67  87  94 139 162 175 170 173 183
  193 196 189 181 178 186 190 193 190 178 169 170 161 152 160 159 152 143
  140 126 108 115 102  99  80  85 109 102  76  58  54  61]
 [ 55  62  55  61  67  62  76  77  78  72  65  71 121 156 175 171 178 188
  195 194 187 181 177 190 194 192 185 173 165 161 157 161 161 157 157 153
  156 129 106 108  97  80  71  95 115 101 105  83  69 114]
 [ 96  48  51  64  67  75  79  67  79  65  85  74 110 164 171 174 182 192
  196 193 186 180 182 194 196 189 179 169 165 164 158 160 160 155 152 142
  131 121 106 106 115 118  76 107 134 127 142 113  93 130]
 [ 78  44  63  70  61  57  72  85  93  68 112  98 142 172 165 179 187 195
  197 192 185 180 185 197 197 185 171 165 163 160 156 156 156 153 151 150
  121 113 109 111 117  96  73 110 133 130 140 115  97 110]
 [ 39  41  60  66  76  69  80  83  80  83 123  87 148 174 167 184 191 197
  196 189 184 181 187 196 195 180 164 162 167 167 159 155 158 154 144 156
  131 128 124 124 118  71  95  86  79  96 119  77  97 142]
 [ 64  80  83  54  69  79  90  74  73  82 114  82 152 173 168 187 193 196
  192 185 183 184 189 194 191 175 159 158 166 168 158 155 161 160 147 133
  122 127 118 122 135 114 134 121 114 144 131  63  78 116]
 [118 153  88  44  48  63  64  57  71  85  96  91 164 174 169 189 194 194
  188 182 183 188 194 193 188 172 153 151 153 155 157 150 147 148 147 143
  114  96  89 101 127 135 132 124  96  83  63  46  76  80]
 [ 50  83  48  42  63  67  68  67  70  95  97  81 165 172 172 191 194 192
  186 181 183 187 193 194 183 169 151 145 148 138 143 151 136 135 116 102
   95  89  92 103 121 114 107  93  72  61  44  52  85  80]
 [ 56  69  45  50  71  69  69  59  66 103  99 118 175 173 180 194 195 191
  184 181 184 188 191 189 175 160 150 142 138 129 119 153 152 145 114  99
  114 100 103  93 100  93  88  69  58  58  46  55  73  54]
 [102 111  92  76  82  77  69  65  69  87  83 153 167 170 184 195 195 189
  181 178 185 193 194 177 165 148 145 141 119 101 110 117  99 125 128 107
  107  91 111  95  82  80  67  61  54  46  62  94 107  75]
 [137 133 110  76  79  62  66  79  84  80  99 151 160 180 192 197 193 185
  178 177 187 196 187 170 169 160 140 119 103  91 105  79  74 121 110  82
   83  82  75  83  87  84  81  67  53  44  68 121 115  81]
 [127 106 101  71  68  66  76  89  93  89 144 132 161 188 194 195 190 182
  178 180 188 193 178 163 160 159 126 102  88 104 104  83 128 134  88  61
   69  81  68  75  71  89  79  61  51  40  49  64  59  50]
 [127 111 115 101  73  74  78  87  85 106 157 134 168 192 194 194 187 179
  180 186 189 188 172 149 127 116 101 107  91  75 115  92  88  98  73  65
   71  82  84  72  51  79  90  68  52  47  40  35  32  29]
 [111  89 106 120 101  95  88  74  81 150 151 158 180 191 190 192 184 178
  183 190 189 182 162 149 128  94  76  80  71  56  80  71  52  62  59  56
   52  63  61  56  61  65  80  68  52  54  49  36  32  30]
 [ 84  69 102 127 118 107 102  74 130 168 161 173 188 192 185 188 184 181
  181 187 189 177 162 144 131  85  58  54  53  54  47  55  49  51  60  46
   42  42  40  67  89  86  68  72  51  51  45  45  40  36]
 [ 86  84 109 118 119 110 104  80 126 161 164 177 192 195 191 182 178 177
  184 189 188 175 151 109  88  58  51  45  44  48  59  95  75  49  47  55
   37  32  35  53  73  77  68  63  44  40  30  36  37  45]
 [116 114 111 109 113  96 107 127 138 155 172 185 194 193 189 180 179 179
  190 189 182 168 133  85  69  52  56  47  48  66  80  82  50  43  47  58
   60  47  35  42  59  61  68  58  48  45  42  52  43  37]
 [125 146 127 116 111 104 125 151 150 157 182 192 193 190 184 179 184 186
  192 183 177 161 105  78  68  43  42  47  59  86  91  83  48  39  41  50
   96  73  45  43  49  50  64  57  46  42  48  54  57  71]
 [103 127 120 125 132 146 153 153 154 160 186 193 194 191 183 173 183 189
  191 178 175 146  77  69  61  39  50  92 105 110  81  75  61  48  40  43
  111 101  74  48  47  80  61  64  66  62  57  46  53  83]
 [ 80  87  81 102 126 144 140 151 159 169 189 192 194 191 181 173 181 187
  188 176 168 117  85  71  53  41  59 108  98 105  75  65  65  49  28  66
   93  77  84  61  52  69  81  62  73  66  45  46  70  96]] 

AVG Vector: 
 [48.62, 48.48, 48.12, 48.08, 47.94, 48.2, 48.6, 48.84, 48.86, 48.84, 48.88, 49.28, 49.58, 50.02, 50.44, 50.46, 50.92, 51.54, 52.66, 53.84, 54.36, 55.0, 56.02, 57.68, 59.44, 61.64, 64.26, 65.3, 65.22, 64.88, 64.06, 62.72, 61.76, 61.3, 60.48, 59.8, 58.98, 58.14, 57.24, 56.66, 56.24, 54.66, 54.02, 53.14, 52.68, 52.44, 52.46, 52.5, 52.06, 52.5] 

Higher Limit: 
 [66.62, 66.47999999999999, 66.12, 66.08, 65.94, 66.2, 66.6, 66.84, 66.86, 66.84, 66.88, 67.28, 67.58, 68.02000000000001, 68.44, 68.46000000000001, 68.92, 69.53999999999999, 70.66, 71.84, 72.36, 73.0, 74.02000000000001, 75.68, 77.44, 79.64, 82.26, 83.3, 83.22, 82.88, 82.06, 80.72, 79.75999999999999, 79.3, 78.47999999999999, 77.8, 76.97999999999999, 76.14, 75.24000000000001, 74.66, 74.24000000000001, 72.66, 72.02000000000001, 71.14, 70.68, 70.44, 70.46000000000001, 70.5, 70.06, 70.5] 

Lower Limit: 
 [30.619999999999997, 30.479999999999997, 30.119999999999997, 30.08, 29.939999999999998, 30.200000000000003, 30.6, 30.840000000000003, 30.86, 30.840000000000003, 30.880000000000003, 31.28, 31.58, 32.02, 32.44, 32.46, 32.92, 33.54, 34.66, 35.84, 36.36, 37.0, 38.02, 39.68, 41.44, 43.64, 46.260000000000005, 47.3, 47.22, 46.879999999999995, 46.06, 44.72, 43.76, 43.3, 42.48, 41.8, 40.98, 40.14, 39.24, 38.66, 38.24, 36.66, 36.02, 35.14, 34.68, 34.44, 34.46, 34.5, 34.06, 34.5] 

Binary Matrix: 
 [[1 1 1 1 1 1 1 1 1 1 1 1 0 0 0 1 1 0 0 0 0 0 0 0 0 0 0 0 0 0 0 0 0 0 0 0
  0 0 0 0 0 0 0 1 1 1 1 1 1 1]
 [1 1 1 1 1 1 1 1 1 1 0 0 0 0 0 1 1 0 0 1 0 0 0 0 0 0 0 0 0 0 0 0 0 0 0 0
  0 0 0 0 0 1 1 1 1 1 1 1 1 1]
 [1 1 1 1 1 1 1 1 1 1 0 0 0 1 1 1 0 0 0 1 0 0 0 0 0 0 0 0 0 0 0 0 0 0 0 0
  0 0 0 0 0 1 0 1 1 1 1 1 1 1]
 [1 1 1 1 1 1 1 1 1 0 0 0 0 1 1 0 0 0 0 0 0 0 0 0 0 0 0 0 0 0 0 0 0 0 0 0
  0 0 0 0 0 0 0 0 1 1 1 1 1 1]
 [1 1 1 1 1 1 1 1 1 1 0 0 0 1 1 0 0 0 0 0 0 0 0 0 0 0 0 0 0 0 0 0 0 0 0 0
  0 0 0 0 1 1 0 1 1 1 1 1 1 1]
 [1 1 1 1 1 1 0 1 0 1 0 0 0 0 0 0 0 0 0 0 0 0 0 0 0 0 0 0 0 0 0 0 0 0 0 0
  0 0 0 0 0 1 1 0 0 1 1 1 1 1]
 [1 1 1 1 0 0 0 0 0 0 0 0 0 0 0 0 0 0 0 0 0 0 0 0 0 0 0 0 0 0 0 0 0 0 0 0
  0 0 0 1 1 0 0 1 1 1 1 1 1 1]
 [1 1 1 1 0 0 0 0 0 0 0 0 0 0 0 0 0 0 0 0 0 0 0 0 0 0 0 0 0 0 0 0 0 0 0 0
  0 0 0 1 1 0 0 1 1 1 1 1 1 1]
 [1 1 1 1 1 1 0 1 0 0 0 0 0 0 0 0 0 0 0 0 0 0 0 0 0 0 0 0 0 0 0 0 0 0 0 0
  0 0 0 1 1 1 1 1 1 1 1 0 0 0]
 [1 1 0 0 1 0 0 0 0 0 0 0 0 0 0 0 0 0 0 0 0 0 0 0 0 0 0 0 0 0 0 0 0 0 0 0
  0 0 1 1 1 1 1 1 1 1 1 0 0 0]
 [1 1 0 0 1 0 0 1 0 0 0 0 0 0 0 0 0 0 0 0 0 0 0 0 0 0 0 0 0 0 0 0 0 0 0 0
  0 0 1 1 1 1 1 1 1 0 0 0 0 0]
 [1 0 1 1 1 1 1 1 0 0 0 0 0 0 0 0 0 0 0 0 0 0 0 0 0 0 0 0 0 0 0 0 0 0 0 0
  0 0 1 1 1 1 1 0 0 0 0 0 0 0]
 [1 1 0 0 1 1 0 0 0 0 0 0 0 0 0 0 0 0 0 0 0 0 0 0 0 0 0 0 0 0 0 0 0 0 0 0
  0 0 1 1 1 1 1 0 0 0 0 0 0 0]
 [1 1 0 0 1 1 0 0 0 0 0 0 0 0 0 0 0 0 0 0 0 0 0 0 0 0 0 0 0 0 0 0 0 0 0 0
  0 0 0 1 1 1 1 1 0 0 0 0 0 0]
 [1 1 1 0 0 1 0 0 0 0 0 0 0 0 0 0 0 0 0 0 0 0 0 0 0 0 0 0 0 0 0 0 0 0 0 0
  0 0 0 1 0 1 0 0 0 0 0 1 0 0]
 [1 1 0 0 0 0 0 0 0 0 0 0 0 0 0 0 0 0 0 0 0 0 0 0 0 0 0 0 0 0 0 0 0 0 0 0
  0 0 0 1 0 1 0 0 0 0 0 1 1 1]
 [0 1 1 1 0 0 0 0 0 0 0 0 0 0 0 0 0 0 0 0 0 0 0 0 0 0 0 0 0 0 0 0 0 0 0 0
  0 0 0 1 1 1 0 0 0 0 0 1 1 1]
 [1 1 1 0 0 0 0 0 0 0 0 0 0 0 0 0 0 0 0 0 0 0 0 0 0 0 0 0 0 0 0 0 0 0 0 0
  0 0 0 0 1 0 0 0 0 0 0 1 1 0]
 [1 1 1 0 0 0 0 0 0 0 0 0 0 0 0 0 0 0 0 0 0 0 0 0 0 0 0 0 0 0 0 0 0 0 0 0
  0 0 0 0 0 0 0 0 0 0 0 1 0 0]
 [1 1 1 0 0 0 0 0 0 0 0 0 0 0 0 0 0 0 0 0 0 0 0 0 0 0 0 0 0 0 0 0 0 0 0 0
  0 0 0 0 0 0 0 0 0 0 0 0 0 0]
 [1 1 1 0 0 0 0 0 0 0 0 0 0 0 0 0 0 0 0 0 0 0 0 0 0 0 0 0 0 0 0 0 0 0 0 0
  0 0 0 1 0 0 0 0 0 0 0 0 0 0]
 [1 1 1 1 0 0 0 0 0 0 0 0 0 0 0 0 0 0 0 0 0 0 0 0 0 0 0 0 0 0 0 0 0 0 0 0
  0 0 0 0 0 0 0 0 0 0 0 0 0 0]
 [1 1 1 1 0 0 0 0 0 0 0 0 0 0 0 0 0 0 0 0 0 0 0 0 0 0 0 0 0 0 0 0 0 0 0 0
  0 0 0 0 0 0 0 0 0 0 0 0 0 0]
 [1 1 1 1 0 0 0 0 0 0 0 0 0 0 0 0 0 0 0 0 0 0 0 0 0 0 0 0 0 0 0 0 0 0 0 0
  0 0 0 0 0 0 0 0 0 0 0 0 0 0]
 [1 1 1 1 1 0 0 0 0 0 0 0 0 0 0 0 0 0 0 0 0 0 0 0 0 0 0 0 0 0 0 0 0 0 0 0
  0 0 0 0 0 0 0 0 0 0 0 0 0 0]
 [1 1 1 1 1 1 1 1 0 0 0 0 0 0 0 0 0 0 0 0 0 0 0 0 0 0 0 0 0 0 0 0 0 0 0 0
  0 0 0 0 0 0 1 0 0 1 0 0 0 0]
 [1 1 1 1 1 1 1 1 1 0 0 0 0 0 0 0 0 0 0 0 0 0 0 0 0 0 0 0 0 0 0 0 0 0 0 0
  0 0 0 0 0 0 0 0 0 0 0 0 0 0]
 [1 1 1 1 1 1 1 1 1 0 0 0 0 0 0 0 0 0 0 0 0 0 0 0 0 0 0 0 0 0 0 0 0 0 0 0
  0 0 0 0 0 0 0 0 0 0 0 0 1 1]
 [1 1 1 1 1 1 1 1 1 1 0 0 0 0 0 0 0 0 0 0 0 0 0 0 0 0 0 0 0 0 0 0 0 0 0 0
  0 0 0 0 0 0 0 0 0 0 0 1 1 1]
 [1 1 1 0 1 1 1 1 1 1 0 0 0 0 0 0 0 0 0 0 0 0 0 0 0 0 0 0 0 0 0 0 0 0 0 0
  0 0 0 0 0 0 0 1 0 0 0 1 1 1]
 [1 1 1 0 1 1 1 1 1 0 0 0 0 0 0 0 0 0 0 0 0 0 0 0 0 0 0 0 0 0 0 0 0 0 0 0
  0 0 0 0 0 0 0 0 0 0 0 1 1 1]
 [1 1 1 1 0 1 0 0 0 0 1 0 0 0 0 0 0 0 0 0 0 0 0 0 0 0 0 0 0 0 0 0 0 0 0 0
  0 0 0 0 0 0 0 0 0 0 0 0 0 0]
 [0 1 1 1 0 0 0 0 0 1 0 0 0 0 0 0 0 0 0 0 0 0 0 0 0 0 0 0 0 0 0 0 0 0 0 0
  0 0 0 0 0 0 0 0 0 0 0 0 0 0]
 [0 1 1 0 1 1 0 0 0 0 0 0 0 0 0 0 0 0 0 0 0 0 0 0 0 0 0 0 0 0 0 0 0 0 0 0
  0 0 0 0 0 0 0 0 0 0 0 0 0 0]
 [1 1 1 1 0 0 0 0 0 0 0 0 0 0 0 0 0 0 0 0 0 0 0 0 0 0 0 0 0 0 0 0 0 0 0 0
  0 0 0 0 0 0 0 0 0 0 0 0 0 0]
 [1 0 0 1 0 0 0 0 0 0 0 0 0 0 0 0 0 0 0 0 0 0 0 0 0 0 0 0 0 0 0 0 0 0 0 0
  0 0 0 0 0 0 0 0 0 0 0 1 0 0]
 [0 0 0 1 1 1 1 1 0 0 0 0 0 0 0 0 0 0 0 0 0 0 0 0 0 0 0 0 0 0 0 0 0 0 0 0
  0 0 0 0 0 0 0 0 0 0 1 1 0 0]
 [1 0 1 1 1 0 0 0 0 0 0 0 0 0 0 0 0 0 0 0 0 0 0 0 0 0 0 0 0 0 0 0 0 0 0 0
  0 0 0 0 0 0 0 0 0 1 1 1 0 0]
 [1 0 1 1 0 0 0 1 1 0 0 0 0 0 0 0 0 0 0 0 0 0 0 0 0 0 0 0 0 0 0 0 0 0 0 0
  0 0 0 0 0 0 0 0 1 1 1 1 0 1]
 [0 0 0 0 0 0 0 1 0 0 0 0 0 0 0 0 0 0 0 0 0 0 0 0 0 0 0 0 0 0 0 0 0 0 0 0
  0 0 0 0 0 0 0 1 1 1 1 0 0 0]
 [0 0 0 0 0 1 1 0 0 0 0 0 0 0 0 0 0 0 0 0 0 0 0 0 0 0 0 0 0 0 0 0 0 0 0 0
  0 0 0 0 0 0 0 0 1 1 0 0 0 0]
 [0 0 0 0 0 1 0 0 0 0 0 0 0 0 0 0 0 0 0 0 0 0 0 0 0 0 0 0 0 0 0 0 0 0 0 1
  0 0 0 0 0 0 0 1 1 1 1 1 1 1]
 [0 0 0 0 0 0 0 0 0 0 0 0 0 0 0 0 0 0 0 0 0 0 0 0 0 0 0 0 0 0 0 0 0 0 0 1
  0 0 0 0 1 0 0 0 1 1 1 1 1 0]
 [0 0 0 0 0 0 0 0 0 0 0 0 0 0 0 0 0 0 0 0 0 0 0 0 0 0 0 0 0 1 0 0 1 1 1 1
  1 1 1 1 1 1 0 0 1 1 1 1 1 0]
 [0 0 0 0 0 0 0 0 0 0 0 0 0 0 0 0 0 0 0 0 0 0 0 0 0 0 1 1 1 1 1 1 1 1 1 1
  1 1 1 0 0 0 0 0 1 1 1 1 1 1]
 [0 0 0 0 0 0 0 0 0 0 0 0 0 0 0 0 0 0 0 0 0 0 0 0 0 1 1 1 1 1 1 0 0 1 1 1
  1 1 1 1 0 0 0 1 1 1 0 1 1 1]
 [0 0 0 0 0 0 0 0 0 0 0 0 0 0 0 0 0 0 0 0 0 0 0 0 0 1 1 1 1 1 0 0 1 1 1 1
  1 1 1 1 1 1 0 1 1 1 1 1 1 1]
 [0 0 0 0 0 0 0 0 0 0 0 0 0 0 0 0 0 0 0 0 0 0 0 0 0 1 1 1 1 0 0 0 1 1 1 1
  0 0 1 1 1 1 1 1 1 1 1 1 1 0]
 [0 0 0 0 0 0 0 0 0 0 0 0 0 0 0 0 0 0 0 0 0 0 0 0 1 1 1 0 0 0 0 0 1 1 1 1
  0 0 0 1 1 0 1 1 1 1 1 1 1 0]
 [0 0 0 0 0 0 0 0 0 0 0 0 0 0 0 0 0 0 0 0 0 0 0 0 1 1 1 0 0 0 0 1 1 1 0 1
  0 0 0 1 1 0 0 1 0 1 1 1 0 0]] 

Etalon Vector : 
 [1, 1, 1, 1, 0, 0, 0, 0, 0, 0, 0, 0, 0, 0, 0, 0, 0, 0, 0, 0, 0, 0, 0, 0, 0, 0, 0, 0, 0, 0, 0, 0, 0, 0, 0, 0, 0, 0, 0, 0, 0, 0, 0, 0, 0, 0, 0, 1, 0, 0] 

Neighbor file : 
 test_data/forest.png 

Perfect radius : 
 19 

KFE : 
 3.2092235628047243 

