test_data/water.png 

Base Matrix: 
 [[49 49 49 49 49 49 49 49 49 49 49 49 49 49 50 49 49 48 49 51 52 50 54 60
  65 67 68 66 64 64 65 67 68 70 67 66 66 66 66 66 66 67 70 72 70 68 68 69
  70 70]
 [49 49 48 48 47 48 48 49 49 49 48 48 47 47 48 48 49 49 50 50 50 50 54 60
  64 67 67 65 63 65 66 65 65 65 65 65 66 67 68 68 69 69 69 68 66 65 68 70
  69 70]
 [49 49 48 48 47 48 49 49 49 49 48 48 47 47 48 48 49 49 50 50 50 50 53 60
  64 66 66 64 64 66 67 65 64 65 63 63 64 65 67 69 69 70 69 67 65 65 67 69
  70 69]
 [49 49 48 48 47 48 49 49 49 49 48 48 47 47 48 48 49 49 50 50 50 48 53 59
  64 66 65 65 66 68 69 67 65 66 63 62 63 65 67 69 70 72 68 66 66 67 67 67
  69 67]
 [49 49 48 48 47 48 49 49 49 49 48 48 47 47 48 48 49 49 50 50 50 48 51 58
  62 64 64 65 67 70 70 67 66 66 63 63 64 66 69 70 71 71 66 65 66 67 67 66
  67 65]
 [49 49 48 48 47 48 49 49 49 49 48 48 47 47 48 48 49 49 50 50 50 48 51 55
  58 62 64 66 68 70 70 67 66 66 65 65 66 67 68 70 70 68 65 64 65 65 65 64
  64 63]
 [49 49 48 48 47 48 49 49 49 49 48 48 47 47 48 48 49 49 50 50 50 50 50 52
  55 61 64 67 69 71 70 67 65 66 64 64 65 65 65 66 66 64 64 64 64 62 63 62
  61 61]
 [49 49 48 48 47 48 49 49 49 49 48 48 47 47 48 48 49 49 50 50 50 51 50 50
  53 59 66 67 68 70 70 66 65 65 63 63 63 63 63 63 62 62 64 64 62 61 61 61
  59 61]
 [49 48 48 48 48 48 48 48 48 48 49 49 48 47 47 47 47 47 47 47 47 51 50 49
  50 55 63 66 66 67 68 69 68 67 67 66 64 61 60 59 59 62 63 63 63 60 58 56
  56 57]
 [49 48 48 48 48 48 48 48 48 48 49 49 48 47 48 48 48 48 48 48 48 51 50 50
  50 55 63 68 68 67 66 67 68 68 67 66 63 61 60 59 59 62 63 63 62 61 58 57
  55 56]
 [49 48 48 48 48 48 48 48 48 48 49 49 48 47 48 49 49 49 49 49 49 50 50 50
  50 56 63 69 70 68 66 67 68 69 67 65 63 61 60 59 59 62 62 62 61 60 58 56
  54 55]
 [49 48 48 48 48 48 48 48 48 48 49 49 48 47 49 49 49 49 49 49 49 49 49 49
  50 56 64 68 69 69 68 69 67 67 66 64 62 61 60 60 61 62 61 60 59 58 57 56
  53 54]
 [49 48 48 48 48 48 48 48 48 48 49 49 48 47 48 48 48 48 48 48 48 49 48 49
  50 56 65 69 68 69 69 68 66 65 64 63 62 61 61 61 62 60 59 57 56 55 55 54
  52 53]
 [49 48 48 48 48 48 48 48 48 48 49 49 48 47 48 48 48 48 48 48 48 48 48 49
  51 57 65 69 68 67 66 65 65 64 64 63 62 61 61 62 62 58 57 54 53 52 53 53
  52 52]
 [49 48 48 48 48 48 48 48 48 48 48 48 48 49 48 48 47 47 47 47 47 47 48 49
  51 57 66 69 68 65 64 63 63 63 62 62 61 61 61 62 62 56 55 53 52 52 52 52
  51 51]
 [48 48 48 48 48 48 48 48 49 48 48 48 50 52 51 50 48 47 47 47 47 47 48 50
  52 56 63 66 65 65 65 63 63 62 61 61 61 61 61 62 61 55 54 52 52 52 52 52
  50 50]
 [48 48 48 48 48 48 48 48 49 48 48 48 50 51 50 49 48 47 47 48 48 48 49 50
  50 52 58 63 65 64 64 62 61 60 62 63 62 62 61 60 60 55 54 52 51 52 52 52
  50 50]
 [48 48 48 48 48 48 48 48 48 47 47 48 49 51 50 49 48 47 47 48 49 49 50 50
  50 52 58 62 65 64 62 61 60 59 63 64 63 62 60 59 57 54 54 51 51 51 51 51
  50 50]
 [48 48 48 48 48 48 48 48 48 47 47 47 49 50 49 48 47 47 48 49 50 49 50 51
  52 55 61 65 65 64 63 61 59 58 63 64 63 60 58 56 55 54 53 51 50 50 51 50
  49 49]
 [48 48 48 48 48 48 48 47 47 47 47 47 48 50 48 48 47 47 48 49 50 48 49 51
  53 56 63 67 67 66 64 61 60 58 61 62 60 58 56 55 54 53 52 50 50 50 51 50
  49 49]
 [48 48 48 48 48 48 48 47 47 47 46 47 48 49 47 47 47 47 48 50 51 47 48 49
  51 54 60 66 69 67 65 62 60 59 59 59 58 56 55 54 53 53 52 50 50 50 50 50
  48 48]
 [49 49 48 48 48 49 50 49 47 47 47 47 47 48 47 48 49 50 50 49 48 49 49 50
  52 56 62 65 68 67 65 62 60 58 59 59 57 55 54 54 53 50 49 49 49 49 49 49
  49 49]
 [50 48 48 47 48 49 50 50 48 47 46 47 47 48 47 48 50 51 50 48 47 51 50 50
  53 57 64 66 68 67 66 64 60 58 59 58 56 54 52 52 52 49 49 49 49 49 49 49
  49 49]
 [49 47 47 46 47 48 49 50 49 48 47 47 48 50 48 48 49 50 49 48 48 51 50 49
  52 58 64 68 68 67 66 64 61 60 58 57 54 53 51 51 51 49 49 49 49 49 49 49
  49 49]
 [48 47 46 46 46 47 48 49 50 49 48 48 49 50 48 48 48 48 48 48 48 51 50 49
  52 59 65 68 68 68 67 65 63 61 58 56 53 52 50 49 50 49 49 49 49 49 49 49
  49 49]
 [47 47 47 46 47 47 49 50 50 49 47 48 49 50 48 48 47 47 47 48 48 50 50 50
  54 60 66 68 68 68 68 66 65 63 58 55 53 51 50 49 49 49 49 49 49 49 49 49
  49 49]
 [47 48 47 47 47 49 50 50 49 47 47 47 48 49 49 48 47 46 46 48 49 48 49 52
  57 62 66 68 69 69 69 68 66 65 59 56 53 52 51 50 50 49 49 49 49 49 49 49
  49 49]
 [47 49 48 48 48 49 51 50 47 47 46 46 47 48 49 48 46 46 46 48 49 47 49 54
  59 63 66 68 70 69 69 68 66 65 60 56 54 53 51 50 50 49 49 49 49 49 49 49
  49 49]
 [48 48 48 48 48 48 48 48 47 47 47 47 47 47 48 47 47 47 48 50 50 49 52 58
  66 70 67 65 68 69 70 69 66 62 58 56 54 54 53 52 52 50 50 49 49 48 48 48
  48 48]
 [49 48 48 48 48 48 48 48 47 47 47 47 47 47 48 47 47 47 48 50 50 50 51 57
  64 69 69 68 68 69 70 69 66 63 61 59 57 55 53 52 51 50 50 49 49 49 48 48
  48 48]
 [50 48 48 48 48 48 48 48 47 47 47 47 47 47 48 47 47 47 48 50 50 49 52 58
  64 69 71 70 68 69 69 68 66 63 63 61 61 59 55 53 52 50 50 50 49 49 49 48
  48 48]
 [51 48 48 48 48 48 48 48 47 47 47 47 47 47 48 47 47 47 48 50 50 50 55 61
  66 69 70 69 68 68 68 68 66 64 62 62 62 61 59 57 55 50 50 50 50 49 49 49
  48 49]
 [50 48 48 48 48 48 48 48 47 47 47 47 47 47 48 47 47 47 48 50 50 54 60 67
  69 68 67 67 68 68 67 66 65 64 62 61 62 62 61 59 57 51 51 50 50 50 50 50
  49 49]
 [48 48 48 48 48 48 48 48 47 47 47 47 47 47 48 47 47 47 48 50 50 62 66 70
  68 66 66 67 69 68 67 66 65 65 63 62 64 64 61 58 56 51 51 51 50 50 50 50
  49 50]
 [48 48 48 48 48 48 48 48 47 47 47 46 47 47 48 47 47 46 48 50 53 68 70 70
  67 65 65 67 68 67 66 65 65 65 63 64 65 64 61 58 55 53 51 51 50 50 49 49
  49 49]
 [49 50 49 49 49 48 48 48 46 46 46 46 48 50 48 47 46 45 48 56 63 68 68 67
  67 66 66 65 64 63 63 63 64 65 64 64 65 64 63 61 59 54 52 51 49 47 47 47
  47 49]
 [48 50 50 50 49 48 49 47 46 47 47 48 48 49 47 46 46 47 51 60 67 68 68 67
  67 66 66 65 64 64 63 63 64 64 64 64 64 63 61 58 57 53 52 50 48 47 46 46
  47 49]
 [48 52 52 51 50 49 49 47 47 48 49 49 48 47 46 46 48 51 57 66 72 68 68 67
  67 66 66 65 63 62 61 61 61 62 64 63 62 60 58 55 54 52 51 49 48 46 46 47
  47 49]
 [49 53 52 52 50 49 48 48 48 49 50 50 48 47 47 48 51 57 63 70 73 68 68 67
  67 66 66 65 63 62 60 60 60 60 63 62 60 58 55 53 52 51 50 48 47 46 46 47
  47 49]
 [51 53 52 51 49 47 46 48 50 50 49 49 48 47 48 51 56 63 69 71 70 68 68 67
  67 66 66 65 64 62 60 59 59 59 60 59 57 54 53 52 52 50 48 47 46 46 47 47
  47 49]
 [52 52 51 50 48 46 45 48 52 50 48 48 48 48 51 53 60 68 72 70 66 68 68 67
  67 66 66 65 63 62 59 58 58 58 58 57 54 52 51 52 53 48 48 46 46 46 47 47
  47 49]
 [51 50 49 48 47 47 48 49 50 50 48 48 48 48 53 57 63 70 73 71 68 67 67 67
  68 67 66 65 62 59 56 54 54 55 56 55 53 52 51 51 51 48 47 47 47 47 47 48
  48 48]
 [50 48 47 47 47 48 50 50 49 49 48 49 50 51 58 62 65 68 71 70 70 67 67 68
  67 67 65 63 60 57 54 52 53 54 54 54 53 52 51 50 49 49 48 47 47 48 48 49
  48 48]
 [48 48 47 47 47 48 49 49 48 48 49 52 56 59 62 64 65 66 67 67 67 66 66 67
  67 65 64 62 58 56 54 53 53 54 54 53 52 52 51 50 49 49 48 47 47 48 48 49
  48 50]
 [47 47 47 47 48 49 49 49 48 49 51 56 61 65 67 66 65 63 64 65 66 66 66 66
  65 64 62 60 57 55 54 53 54 55 53 52 52 51 50 50 49 49 48 47 47 48 48 49
  48 51]
 [46 47 47 48 49 49 49 49 50 51 55 59 63 66 66 65 63 62 62 64 64 65 66 65
  64 62 60 58 55 55 54 53 53 53 51 51 51 50 50 50 50 49 48 47 47 48 48 49
  49 51]
 [45 46 47 49 49 49 48 49 52 54 58 61 62 63 63 62 61 61 62 63 65 65 65 65
  63 60 59 57 56 55 54 53 52 51 50 50 50 50 50 50 50 49 48 47 47 48 48 49
  50 51]
 [45 46 47 49 50 49 48 50 55 58 61 62 61 59 58 59 60 62 63 65 65 65 65 64
  63 60 58 57 57 56 55 53 51 49 49 49 49 49 50 50 50 49 48 47 47 48 48 50
  51 50]
 [49 47 46 46 48 50 52 56 58 59 59 59 60 60 60 60 60 60 60 60 60 63 63 63
  63 61 60 59 59 59 56 52 50 51 51 51 51 51 50 50 49 47 47 47 48 49 49 49
  49 49]
 [49 48 47 47 48 51 54 57 59 59 59 58 58 58 59 59 59 59 59 59 59 61 62 62
  62 60 59 58 58 58 56 52 50 51 51 51 50 50 49 48 48 48 48 49 49 49 50 50
  50 49]] 

AVG Vector: 
 [48.62, 48.48, 48.12, 48.08, 47.94, 48.2, 48.6, 48.84, 48.86, 48.84, 48.88, 49.28, 49.58, 50.02, 50.44, 50.46, 50.92, 51.54, 52.66, 53.84, 54.36, 55.0, 56.02, 57.68, 59.44, 61.64, 64.26, 65.3, 65.22, 64.88, 64.06, 62.72, 61.76, 61.3, 60.48, 59.8, 58.98, 58.14, 57.24, 56.66, 56.24, 54.66, 54.02, 53.14, 52.68, 52.44, 52.46, 52.5, 52.06, 52.5] 

Higher Limit: 
 [66.62, 66.47999999999999, 66.12, 66.08, 65.94, 66.2, 66.6, 66.84, 66.86, 66.84, 66.88, 67.28, 67.58, 68.02000000000001, 68.44, 68.46000000000001, 68.92, 69.53999999999999, 70.66, 71.84, 72.36, 73.0, 74.02000000000001, 75.68, 77.44, 79.64, 82.26, 83.3, 83.22, 82.88, 82.06, 80.72, 79.75999999999999, 79.3, 78.47999999999999, 77.8, 76.97999999999999, 76.14, 75.24000000000001, 74.66, 74.24000000000001, 72.66, 72.02000000000001, 71.14, 70.68, 70.44, 70.46000000000001, 70.5, 70.06, 70.5] 

Lower Limit: 
 [30.619999999999997, 30.479999999999997, 30.119999999999997, 30.08, 29.939999999999998, 30.200000000000003, 30.6, 30.840000000000003, 30.86, 30.840000000000003, 30.880000000000003, 31.28, 31.58, 32.02, 32.44, 32.46, 32.92, 33.54, 34.66, 35.84, 36.36, 37.0, 38.02, 39.68, 41.44, 43.64, 46.260000000000005, 47.3, 47.22, 46.879999999999995, 46.06, 44.72, 43.76, 43.3, 42.48, 41.8, 40.98, 40.14, 39.24, 38.66, 38.24, 36.66, 36.02, 35.14, 34.68, 34.44, 34.46, 34.5, 34.06, 34.5] 

Binary Matrix: 
 [[1 1 1 1 1 1 1 1 1 1 1 1 1 1 1 1 1 1 1 1 1 1 1 1 1 0 0 1 1 1 1 0 0 0 0 1
  1 1 1 1 1 0 0 0 0 0 0 0 0 0]
 [1 1 1 1 1 1 1 1 1 1 1 1 1 1 1 1 1 1 1 1 1 1 1 1 1 0 0 1 1 1 1 1 1 1 1 1
  1 0 0 0 0 0 0 0 1 1 0 0 0 0]
 [1 1 1 1 1 1 1 1 1 1 1 1 1 1 1 1 1 1 1 1 1 1 1 1 1 1 1 1 1 1 0 1 1 1 1 1
  1 1 0 0 0 0 0 0 1 1 0 0 0 0]
 [1 1 1 1 1 1 1 1 1 1 1 1 1 1 1 1 1 1 1 1 1 1 1 1 1 1 1 1 1 0 0 0 1 1 1 1
  1 1 0 0 0 0 0 1 1 0 0 0 0 0]
 [1 1 1 1 1 1 1 1 1 1 1 1 1 1 1 1 1 1 1 1 1 1 1 1 1 1 1 1 0 0 0 0 1 1 1 1
  1 1 0 0 0 0 1 1 1 0 0 1 0 1]
 [1 1 1 1 1 1 1 1 1 1 1 1 1 1 1 1 1 1 1 1 1 1 1 1 1 1 1 1 0 0 0 0 1 1 1 1
  1 0 0 0 0 0 1 1 1 1 1 1 1 1]
 [1 1 1 1 1 1 1 1 1 1 1 1 1 1 1 1 1 1 1 1 1 1 1 1 1 1 1 0 0 0 0 0 1 1 1 1
  1 1 1 1 1 1 1 1 1 1 1 1 1 1]
 [1 1 1 1 1 1 1 1 1 1 1 1 1 1 1 1 1 1 1 1 1 1 1 1 1 1 1 0 0 0 0 1 1 1 1 1
  1 1 1 1 1 1 1 1 1 1 1 1 1 1]
 [1 1 1 1 1 1 1 1 1 1 1 1 1 1 1 1 1 1 1 1 1 1 1 1 1 1 1 1 1 0 0 0 0 0 0 1
  1 1 1 1 1 1 1 1 1 1 1 1 1 1]
 [1 1 1 1 1 1 1 1 1 1 1 1 1 1 1 1 1 1 1 1 1 1 1 1 1 1 1 0 0 0 1 0 0 0 0 1
  1 1 1 1 1 1 1 1 1 1 1 1 1 1]
 [1 1 1 1 1 1 1 1 1 1 1 1 1 1 1 1 1 1 1 1 1 1 1 1 1 1 1 0 0 0 1 0 0 0 0 1
  1 1 1 1 1 1 1 1 1 1 1 1 1 1]
 [1 1 1 1 1 1 1 1 1 1 1 1 1 1 1 1 1 1 1 1 1 1 1 1 1 1 1 0 0 0 0 0 0 0 1 1
  1 1 1 1 1 1 1 1 1 1 1 1 1 1]
 [1 1 1 1 1 1 1 1 1 1 1 1 1 1 1 1 1 1 1 1 1 1 1 1 1 1 1 0 0 0 0 0 1 1 1 1
  1 1 1 1 1 1 1 1 1 1 1 1 1 1]
 [1 1 1 1 1 1 1 1 1 1 1 1 1 1 1 1 1 1 1 1 1 1 1 1 1 1 1 0 0 0 1 1 1 1 1 1
  1 1 1 1 1 1 1 1 1 1 1 1 1 1]
 [1 1 1 1 1 1 1 1 1 1 1 1 1 1 1 1 1 1 1 1 1 1 1 1 1 1 1 0 0 1 1 1 1 1 1 1
  1 1 1 1 1 1 1 1 1 1 1 1 1 1]
 [1 1 1 1 1 1 1 1 1 1 1 1 1 1 1 1 1 1 1 1 1 1 1 1 1 1 1 1 1 1 1 1 1 1 1 1
  1 1 1 1 1 1 1 1 1 1 1 1 1 1]
 [1 1 1 1 1 1 1 1 1 1 1 1 1 1 1 1 1 1 1 1 1 1 1 1 1 1 1 1 1 1 1 1 1 1 1 1
  1 1 1 1 1 1 1 1 1 1 1 1 1 1]
 [1 1 1 1 1 1 1 1 1 1 1 1 1 1 1 1 1 1 1 1 1 1 1 1 1 1 1 1 1 1 1 1 1 1 1 1
  1 1 1 1 1 1 1 1 1 1 1 1 1 1]
 [1 1 1 1 1 1 1 1 1 1 1 1 1 1 1 1 1 1 1 1 1 1 1 1 1 1 1 1 1 1 1 1 1 1 1 1
  1 1 1 1 1 1 1 1 1 1 1 1 1 1]
 [1 1 1 1 1 1 1 1 1 1 1 1 1 1 1 1 1 1 1 1 1 1 1 1 1 1 1 0 0 1 1 1 1 1 1 1
  1 1 1 1 1 1 1 1 1 1 1 1 1 1]
 [1 1 1 1 1 1 1 1 1 1 1 1 1 1 1 1 1 1 1 1 1 1 1 1 1 1 1 1 0 0 1 1 1 1 1 1
  1 1 1 1 1 1 1 1 1 1 1 1 1 1]
 [1 1 1 1 1 1 1 1 1 1 1 1 1 1 1 1 1 1 1 1 1 1 1 1 1 1 1 1 0 0 1 1 1 1 1 1
  1 1 1 1 1 1 1 1 1 1 1 1 1 1]
 [1 1 1 1 1 1 1 1 1 1 1 1 1 1 1 1 1 1 1 1 1 1 1 1 1 1 1 1 0 0 1 1 1 1 1 1
  1 1 1 1 1 1 1 1 1 1 1 1 1 1]
 [1 1 1 1 1 1 1 1 1 1 1 1 1 1 1 1 1 1 1 1 1 1 1 1 1 1 1 0 0 0 1 1 1 1 1 1
  1 1 1 1 1 1 1 1 1 1 1 1 1 1]
 [1 1 1 1 1 1 1 1 1 1 1 1 1 1 1 1 1 1 1 1 1 1 1 1 1 1 1 0 0 0 0 1 1 1 1 1
  1 1 1 1 1 1 1 1 1 1 1 1 1 1]
 [1 1 1 1 1 1 1 1 1 1 1 1 1 1 1 1 1 1 1 1 1 1 1 1 1 1 1 0 0 0 0 1 1 1 1 1
  1 1 1 1 1 1 1 1 1 1 1 1 1 1]
 [1 1 1 1 1 1 1 1 1 1 1 1 1 1 1 1 1 1 1 1 1 1 1 1 1 1 1 0 0 0 0 0 1 1 1 1
  1 1 1 1 1 1 1 1 1 1 1 1 1 1]
 [1 1 1 1 1 1 1 1 1 1 1 1 1 1 1 1 1 1 1 1 1 1 1 1 1 1 1 0 0 0 0 0 1 1 1 1
  1 1 1 1 1 1 1 1 1 1 1 1 1 1]
 [1 1 1 1 1 1 1 1 1 1 1 1 1 1 1 1 1 1 1 1 1 1 1 1 1 0 0 1 0 0 0 0 1 1 1 1
  1 1 1 1 1 1 1 1 1 1 1 1 1 1]
 [1 1 1 1 1 1 1 1 1 1 1 1 1 1 1 1 1 1 1 1 1 1 1 1 1 0 0 0 0 0 0 0 1 1 1 1
  1 1 1 1 1 1 1 1 1 1 1 1 1 1]
 [1 1 1 1 1 1 1 1 1 1 1 1 1 1 1 1 1 1 1 1 1 1 1 1 1 0 0 0 0 0 0 0 1 1 1 1
  1 1 1 1 1 1 1 1 1 1 1 1 1 1]
 [1 1 1 1 1 1 1 1 1 1 1 1 1 1 1 1 1 1 1 1 1 1 1 1 1 0 0 0 0 0 0 0 1 1 1 1
  1 1 1 1 1 1 1 1 1 1 1 1 1 1]
 [1 1 1 1 1 1 1 1 1 1 1 1 1 1 1 1 1 1 1 1 1 1 1 0 0 0 0 0 0 0 0 1 1 1 1 1
  1 1 1 1 1 1 1 1 1 1 1 1 1 1]
 [1 1 1 1 1 1 1 1 1 1 1 1 1 1 1 1 1 1 1 1 1 1 1 0 0 1 1 0 0 0 0 1 1 1 1 1
  1 1 1 1 1 1 1 1 1 1 1 1 1 1]
 [1 1 1 1 1 1 1 1 1 1 1 1 1 1 1 1 1 1 1 1 1 0 0 0 0 1 1 0 0 0 1 1 1 1 1 1
  1 1 1 1 1 1 1 1 1 1 1 1 1 1]
 [1 1 1 1 1 1 1 1 1 1 1 1 1 1 1 1 1 1 1 1 1 0 0 0 0 1 1 1 1 1 1 1 1 1 1 1
  1 1 1 1 1 1 1 1 1 1 1 1 1 1]
 [1 1 1 1 1 1 1 1 1 1 1 1 1 1 1 1 1 1 1 1 0 0 0 0 0 1 1 1 1 1 1 1 1 1 1 1
  1 1 1 1 1 1 1 1 1 1 1 1 1 1]
 [1 1 1 1 1 1 1 1 1 1 1 1 1 1 1 1 1 1 1 1 0 0 0 0 0 1 1 1 1 1 1 1 1 1 1 1
  1 1 1 1 1 1 1 1 1 1 1 1 1 1]
 [1 1 1 1 1 1 1 1 1 1 1 1 1 1 1 1 1 1 1 0 0 0 0 0 0 1 1 1 1 1 1 1 1 1 1 1
  1 1 1 1 1 1 1 1 1 1 1 1 1 1]
 [1 1 1 1 1 1 1 1 1 1 1 1 1 1 1 1 1 1 0 0 0 0 0 0 0 1 1 1 1 1 1 1 1 1 1 1
  1 1 1 1 1 1 1 1 1 1 1 1 1 1]
 [1 1 1 1 1 1 1 1 1 1 1 1 1 1 1 1 1 0 0 0 1 0 0 0 0 1 1 1 1 1 1 1 1 1 1 1
  1 1 1 1 1 1 1 1 1 1 1 1 1 1]
 [1 1 1 1 1 1 1 1 1 1 1 1 1 1 1 1 1 0 0 0 0 0 0 0 0 0 1 1 1 1 1 1 1 1 1 1
  1 1 1 1 1 1 1 1 1 1 1 1 1 1]
 [1 1 1 1 1 1 1 1 1 1 1 1 1 1 1 1 1 0 0 0 0 0 0 0 0 0 1 1 1 1 1 1 1 1 1 1
  1 1 1 1 1 1 1 1 1 1 1 1 1 1]
 [1 1 1 1 1 1 1 1 1 1 1 1 1 1 1 1 1 1 0 0 0 1 1 0 0 1 1 1 1 1 1 1 1 1 1 1
  1 1 1 1 1 1 1 1 1 1 1 1 1 1]
 [1 1 1 1 1 1 1 1 1 1 1 1 1 1 0 1 1 1 1 1 1 1 1 1 1 1 1 1 1 1 1 1 1 1 1 1
  1 1 1 1 1 1 1 1 1 1 1 1 1 1]
 [1 1 1 1 1 1 1 1 1 1 1 1 1 1 1 1 1 1 1 1 1 1 1 1 1 1 1 1 1 1 1 1 1 1 1 1
  1 1 1 1 1 1 1 1 1 1 1 1 1 1]
 [1 1 1 1 1 1 1 1 1 1 1 1 1 1 1 1 1 1 1 1 1 1 1 1 1 1 1 1 1 1 1 1 1 1 1 1
  1 1 1 1 1 1 1 1 1 1 1 1 1 1]
 [1 1 1 1 1 1 1 1 1 1 1 1 1 1 1 1 1 1 1 1 1 1 1 1 1 1 1 1 1 1 1 1 1 1 1 1
  1 1 1 1 1 1 1 1 1 1 1 1 1 1]
 [1 1 1 1 1 1 1 1 1 1 1 1 1 1 1 1 1 1 1 1 1 1 1 1 1 1 1 1 1 1 1 1 1 1 1 1
  1 1 1 1 1 1 1 1 1 1 1 1 1 1]
 [1 1 1 1 1 1 1 1 1 1 1 1 1 1 1 1 1 1 1 1 1 1 1 1 1 1 1 1 1 1 1 1 1 1 1 1
  1 1 1 1 1 1 1 1 1 1 1 1 1 1]] 

Etalon Vector : 
 [1, 1, 1, 1, 1, 1, 1, 1, 1, 1, 1, 1, 1, 1, 1, 1, 1, 1, 1, 1, 1, 1, 1, 1, 1, 1, 1, 1, 0, 0, 1, 1, 1, 1, 1, 1, 1, 1, 1, 1, 1, 1, 1, 1, 1, 1, 1, 1, 1, 1] 

Neighbor file : 
 test_data/forest.png 

Perfect radius : 
 17 

KFE : 
 4.392317422778761 

